-2.0000	-2.0000	0.0500	-0.4846
-2.0000	-1.9000	0.0500	-0.5848
-2.0000	-1.8000	0.0500	-0.7468
-2.0000	-1.7000	0.0500	-0.6174
-2.0000	-1.6000	0.0500	-0.7878
-2.0000	-1.5000	0.0500	-0.9139
-2.0000	-1.4000	0.0500	-0.9333
-2.0000	-1.3000	0.0500	-0.9054
-2.0000	-1.2000	0.0500	-0.9803
-2.0000	-1.1000	0.0500	-1.0771
-2.0000	-1.0000	0.0500	-1.0879
-2.0000	-0.9000	0.0500	-0.9884
-2.0000	-0.8000	0.0500	-1.3657
-2.0000	-0.7000	0.0500	-1.0882
-2.0000	-0.6000	0.0500	-0.7533
-2.0000	-0.5000	0.0500	-0.3264
-2.0000	-0.4000	0.0500	0.0679
-2.0000	-0.3000	0.0500	0.5880
-2.0000	-0.2000	0.0500	1.1881
-2.0000	-0.1000	0.0500	1.7956
-2.0000	-0.0000	0.0500	2.3331
-2.0000	0.1000	0.0500	2.7491
-2.0000	0.2000	0.0500	3.0371
-2.0000	0.3000	0.0500	3.1848
-2.0000	0.4000	0.0500	2.9588
-2.0000	0.5000	0.0500	2.8029
-2.0000	0.6000	0.0500	2.5499
-2.0000	0.7000	0.0500	2.2444
-2.0000	0.8000	0.0500	1.8739
-2.0000	0.9000	0.0500	1.5668
-2.0000	1.0000	0.0500	1.2875
-2.0000	1.1000	0.0500	1.0402
-2.0000	1.2000	0.0500	0.8262
-2.0000	1.3000	0.0500	0.6451
-2.0000	1.4000	0.0500	0.5031
-2.0000	1.5000	0.0500	0.3923
-2.0000	1.6000	0.0500	0.2880
-2.0000	1.7000	0.0500	0.2021
-2.0000	1.8000	0.0500	0.1586
-2.0000	1.9000	0.0500	0.1079
-1.9000	-2.0000	0.0500	-0.5318
-1.9000	-1.9000	0.0500	-0.6258
-1.9000	-1.8000	0.0500	-0.7629
-1.9000	-1.7000	0.0500	-0.7783
-1.9000	-1.6000	0.0500	-1.0309
-1.9000	-1.5000	0.0500	-1.3276
-1.9000	-1.4000	0.0500	-1.3415
-1.9000	-1.3000	0.0500	-1.1655
-1.9000	-1.2000	0.0500	-1.2632
-1.9000	-1.1000	0.0500	-1.4803
-1.9000	-1.0000	0.0500	-1.5809
-1.9000	-0.9000	0.0500	-1.6788
-1.9000	-0.8000	0.0500	-2.1030
-1.9000	-0.7000	0.0500	-1.9803
-1.9000	-0.6000	0.0500	-1.3002
-1.9000	-0.5000	0.0500	-0.9447
-1.9000	-0.4000	0.0500	-0.4921
-1.9000	-0.3000	0.0500	0.1713
-1.9000	-0.2000	0.0500	0.9800
-1.9000	-0.1000	0.0500	1.8439
-1.9000	-0.0000	0.0500	2.6051
-1.9000	0.1000	0.0500	3.1927
-1.9000	0.2000	0.0500	3.5948
-1.9000	0.3000	0.0500	3.7789
-1.9000	0.4000	0.0500	3.6137
-1.9000	0.5000	0.0500	3.3805
-1.9000	0.6000	0.0500	3.0349
-1.9000	0.7000	0.0500	2.6335
-1.9000	0.8000	0.0500	2.1800
-1.9000	0.9000	0.0500	1.7843
-1.9000	1.0000	0.0500	1.4480
-1.9000	1.1000	0.0500	1.1596
-1.9000	1.2000	0.0500	0.9095
-1.9000	1.3000	0.0500	0.6839
-1.9000	1.4000	0.0500	0.4814
-1.9000	1.5000	0.0500	0.4355
-1.9000	1.6000	0.0500	0.3089
-1.9000	1.7000	0.0500	0.2127
-1.9000	1.8000	0.0500	0.1561
-1.9000	1.9000	0.0500	0.1048
-1.8000	-2.0000	0.0500	-0.5752
-1.8000	-1.9000	0.0500	-0.6561
-1.8000	-1.8000	0.0500	-0.7320
-1.8000	-1.7000	0.0500	-0.8682
-1.8000	-1.6000	0.0500	-1.1943
-1.8000	-1.5000	0.0500	-1.5886
-1.8000	-1.4000	0.0500	-1.6464
-1.8000	-1.3000	0.0500	-1.4911
-1.8000	-1.2000	0.0500	-1.6365
-1.8000	-1.1000	0.0500	-1.9515
-1.8000	-1.0000	0.0500	-2.1876
-1.8000	-0.9000	0.0500	-2.4957
-1.8000	-0.8000	0.0500	-2.8725
-1.8000	-0.7000	0.0500	-2.9322
-1.8000	-0.6000	0.0500	-2.2688
-1.8000	-0.5000	0.0500	-1.9471
-1.8000	-0.4000	0.0500	-1.4238
-1.8000	-0.3000	0.0500	-0.5951
-1.8000	-0.2000	0.0500	0.4743
-1.8000	-0.1000	0.0500	1.6709
-1.8000	-0.0000	0.0500	2.7752
-1.8000	0.1000	0.0500	3.6529
-1.8000	0.2000	0.0500	4.2423
-1.8000	0.3000	0.0500	4.4841
-1.8000	0.4000	0.0500	4.3904
-1.8000	0.5000	0.0500	4.0687
-1.8000	0.6000	0.0500	3.6049
-1.8000	0.7000	0.0500	3.0891
-1.8000	0.8000	0.0500	2.5786
-1.8000	0.9000	0.0500	2.0012
-1.8000	1.0000	0.0500	1.6034
-1.8000	1.1000	0.0500	1.2834
-1.8000	1.2000	0.0500	1.0167
-1.8000	1.3000	0.0500	0.7415
-1.8000	1.4000	0.0500	0.4908
-1.8000	1.5000	0.0500	0.4227
-1.8000	1.6000	0.0500	0.3294
-1.8000	1.7000	0.0500	0.2241
-1.8000	1.8000	0.0500	0.1532
-1.8000	1.9000	0.0500	0.1007
-1.7000	-2.0000	0.0500	-0.6189
-1.7000	-1.9000	0.0500	-0.7078
-1.7000	-1.8000	0.0500	-0.8093
-1.7000	-1.7000	0.0500	-0.9819
-1.7000	-1.6000	0.0500	-1.2771
-1.7000	-1.5000	0.0500	-1.5631
-1.7000	-1.4000	0.0500	-1.7105
-1.7000	-1.3000	0.0500	-1.8176
-1.7000	-1.2000	0.0500	-2.0843
-1.7000	-1.1000	0.0500	-2.4603
-1.7000	-1.0000	0.0500	-2.8579
-1.7000	-0.9000	0.0500	-3.2665
-1.7000	-0.8000	0.0500	-3.6247
-1.7000	-0.7000	0.0500	-3.7899
-1.7000	-0.6000	0.0500	-3.7037
-1.7000	-0.5000	0.0500	-3.4593
-1.7000	-0.4000	0.0500	-2.8902
-1.7000	-0.3000	0.0500	-1.8990
-1.7000	-0.2000	0.0500	-0.5193
-1.7000	-0.1000	0.0500	1.1020
-1.7000	-0.0000	0.0500	2.7160
-1.7000	0.1000	0.0500	4.0647
-1.7000	0.2000	0.0500	4.9743
-1.7000	0.3000	0.0500	5.3663
-1.7000	0.4000	0.0500	5.2865
-1.7000	0.5000	0.0500	4.8685
-1.7000	0.6000	0.0500	4.2606
-1.7000	0.7000	0.0500	3.5953
-1.7000	0.8000	0.0500	2.9704
-1.7000	0.9000	0.0500	2.2520
-1.7000	1.0000	0.0500	1.6936
-1.7000	1.1000	0.0500	1.2350
-1.7000	1.2000	0.0500	1.1759
-1.7000	1.3000	0.0500	0.8286
-1.7000	1.4000	0.0500	0.5977
-1.7000	1.5000	0.0500	0.4059
-1.7000	1.6000	0.0500	0.3273
-1.7000	1.7000	0.0500	0.2262
-1.7000	1.8000	0.0500	0.1515
-1.7000	1.9000	0.0500	0.0965
-1.6000	-2.0000	0.0500	-0.6579
-1.6000	-1.9000	0.0500	-0.7510
-1.6000	-1.8000	0.0500	-0.8262
-1.6000	-1.7000	0.0500	-1.2018
-1.6000	-1.6000	0.0500	-1.4042
-1.6000	-1.5000	0.0500	-1.6375
-1.6000	-1.4000	0.0500	-1.8767
-1.6000	-1.3000	0.0500	-2.1653
-1.6000	-1.2000	0.0500	-2.5573
-1.6000	-1.1000	0.0500	-3.0430
-1.6000	-1.0000	0.0500	-3.6033
-1.6000	-0.9000	0.0500	-4.2074
-1.6000	-0.8000	0.0500	-4.7814
-1.6000	-0.7000	0.0500	-5.2719
-1.6000	-0.6000	0.0500	-5.5820
-1.6000	-0.5000	0.0500	-5.5758
-1.6000	-0.4000	0.0500	-5.0780
-1.6000	-0.3000	0.0500	-3.9773
-1.6000	-0.2000	0.0500	-2.2477
-1.6000	-0.1000	0.0500	-0.0424
-1.6000	-0.0000	0.0500	2.2874
-1.6000	0.1000	0.0500	4.3206
-1.6000	0.2000	0.0500	5.7220
-1.6000	0.3000	0.0500	6.3552
-1.6000	0.4000	0.0500	6.3027
-1.6000	0.5000	0.0500	5.7744
-1.6000	0.6000	0.0500	4.9927
-1.6000	0.7000	0.0500	4.1359
-1.6000	0.8000	0.0500	3.3149
-1.6000	0.9000	0.0500	2.5867
-1.6000	1.0000	0.0500	1.8343
-1.6000	1.1000	0.0500	1.2887
-1.6000	1.2000	0.0500	1.2291
-1.6000	1.3000	0.0500	0.8800
-1.6000	1.4000	0.0500	0.6372
-1.6000	1.5000	0.0500	0.4406
-1.6000	1.6000	0.0500	0.3207
-1.6000	1.7000	0.0500	0.2246
-1.6000	1.8000	0.0500	0.1524
-1.6000	1.9000	0.0500	0.0960
-1.5000	-2.0000	0.0500	-0.6798
-1.5000	-1.9000	0.0500	-0.8115
-1.5000	-1.8000	0.0500	-0.9122
-1.5000	-1.7000	0.0500	-1.3234
-1.5000	-1.6000	0.0500	-1.5191
-1.5000	-1.5000	0.0500	-1.7722
-1.5000	-1.4000	0.0500	-2.0963
-1.5000	-1.3000	0.0500	-2.5062
-1.5000	-1.2000	0.0500	-3.0196
-1.5000	-1.1000	0.0500	-3.6288
-1.5000	-1.0000	0.0500	-4.3223
-1.5000	-0.9000	0.0500	-5.3065
-1.5000	-0.8000	0.0500	-6.1960
-1.5000	-0.7000	0.0500	-7.1346
-1.5000	-0.6000	0.0500	-7.9759
-1.5000	-0.5000	0.0500	-8.4890
-1.5000	-0.4000	0.0500	-8.2107
-1.5000	-0.3000	0.0500	-7.0886
-1.5000	-0.2000	0.0500	-5.0258
-1.5000	-0.1000	0.0500	-2.0862
-1.5000	-0.0000	0.0500	1.2227
-1.5000	0.1000	0.0500	4.2404
-1.5000	0.2000	0.0500	6.3843
-1.5000	0.3000	0.0500	7.3936
-1.5000	0.4000	0.0500	7.3979
-1.5000	0.5000	0.0500	6.7570
-1.5000	0.6000	0.0500	5.7790
-1.5000	0.7000	0.0500	4.7166
-1.5000	0.8000	0.0500	3.7203
-1.5000	0.9000	0.0500	2.8665
-1.5000	1.0000	0.0500	2.0885
-1.5000	1.1000	0.0500	1.5914
-1.5000	1.2000	0.0500	1.2231
-1.5000	1.3000	0.0500	0.8904
-1.5000	1.4000	0.0500	0.6326
-1.5000	1.5000	0.0500	0.4545
-1.5000	1.6000	0.0500	0.3205
-1.5000	1.7000	0.0500	0.2239
-1.5000	1.8000	0.0500	0.1619
-1.5000	1.9000	0.0500	0.1393
-1.4000	-2.0000	0.0500	-0.6322
-1.4000	-1.9000	0.0500	-0.8473
-1.4000	-1.8000	0.0500	-1.1684
-1.4000	-1.7000	0.0500	-1.4018
-1.4000	-1.6000	0.0500	-1.6181
-1.4000	-1.5000	0.0500	-1.9087
-1.4000	-1.4000	0.0500	-2.2991
-1.4000	-1.3000	0.0500	-2.8120
-1.4000	-1.2000	0.0500	-3.4514
-1.4000	-1.1000	0.0500	-4.2184
-1.4000	-1.0000	0.0500	-5.1093
-1.4000	-0.9000	0.0500	-6.4051
-1.4000	-0.8000	0.0500	-7.7124
-1.4000	-0.7000	0.0500	-9.2224
-1.4000	-0.6000	0.0500	-10.7849
-1.4000	-0.5000	0.0500	-12.0398
-1.4000	-0.4000	0.0500	-12.3475
-1.4000	-0.3000	0.0500	-11.4829
-1.4000	-0.2000	0.0500	-9.1284
-1.4000	-0.1000	0.0500	-5.3144
-1.4000	-0.0000	0.0500	-0.7911
-1.4000	0.1000	0.0500	3.5939
-1.4000	0.2000	0.0500	6.8304
-1.4000	0.3000	0.0500	8.4833
-1.4000	0.4000	0.0500	8.4759
-1.4000	0.5000	0.0500	7.7507
-1.4000	0.6000	0.0500	6.5720
-1.4000	0.7000	0.0500	5.3336
-1.4000	0.8000	0.0500	4.2755
-1.4000	0.9000	0.0500	2.9735
-1.4000	1.0000	0.0500	2.2534
-1.4000	1.1000	0.0500	1.6868
-1.4000	1.2000	0.0500	1.2428
-1.4000	1.3000	0.0500	0.8976
-1.4000	1.4000	0.0500	0.6351
-1.4000	1.5000	0.0500	0.4552
-1.4000	1.6000	0.0500	0.3189
-1.4000	1.7000	0.0500	0.2216
-1.4000	1.8000	0.0500	0.1600
-1.4000	1.9000	0.0500	0.1468
-1.3000	-2.0000	0.0500	-0.4836
-1.3000	-1.9000	0.0500	-0.4686
-1.3000	-1.8000	0.0500	-1.3070
-1.3000	-1.7000	0.0500	-1.4985
-1.3000	-1.6000	0.0500	-1.7108
-1.3000	-1.5000	0.0500	-2.0335
-1.3000	-1.4000	0.0500	-2.4340
-1.3000	-1.3000	0.0500	-3.0524
-1.3000	-1.2000	0.0500	-3.8191
-1.3000	-1.1000	0.0500	-4.7697
-1.3000	-1.0000	0.0500	-5.9635
-1.3000	-0.9000	0.0500	-7.4351
-1.3000	-0.8000	0.0500	-9.1886
-1.3000	-0.7000	0.0500	-11.3323
-1.3000	-0.6000	0.0500	-13.7539
-1.3000	-0.5000	0.0500	-15.9291
-1.3000	-0.4000	0.0500	-17.2276
-1.3000	-0.3000	0.0500	-17.0802
-1.3000	-0.2000	0.0500	-14.7516
-1.3000	-0.1000	0.0500	-9.4621
-1.3000	-0.0000	0.0500	-3.9486
-1.3000	0.1000	0.0500	2.1846
-1.3000	0.2000	0.0500	6.8249
-1.3000	0.3000	0.0500	9.3170
-1.3000	0.4000	0.0500	9.4960
-1.3000	0.5000	0.0500	8.6606
-1.3000	0.6000	0.0500	7.2791
-1.3000	0.7000	0.0500	5.8431
-1.3000	0.8000	0.0500	4.6462
-1.3000	0.9000	0.0500	3.1838
-1.3000	1.0000	0.0500	2.3641
-1.3000	1.1000	0.0500	1.7368
-1.3000	1.2000	0.0500	1.2565
-1.3000	1.3000	0.0500	0.8981
-1.3000	1.4000	0.0500	0.6337
-1.3000	1.5000	0.0500	0.4427
-1.3000	1.6000	0.0500	0.3115
-1.3000	1.7000	0.0500	0.2210
-1.3000	1.8000	0.0500	0.1433
-1.3000	1.9000	0.0500	0.0859
-1.2000	-2.0000	0.0500	-0.4172
-1.2000	-1.9000	0.0500	-0.3008
-1.2000	-1.8000	0.0500	-1.2554
-1.2000	-1.7000	0.0500	-1.5210
-1.2000	-1.6000	0.0500	-1.7917
-1.2000	-1.5000	0.0500	-2.2662
-1.2000	-1.4000	0.0500	-2.4609
-1.2000	-1.3000	0.0500	-3.1973
-1.2000	-1.2000	0.0500	-4.0718
-1.2000	-1.1000	0.0500	-5.1585
-1.2000	-1.0000	0.0500	-6.5698
-1.2000	-0.9000	0.0500	-8.3604
-1.2000	-0.8000	0.0500	-10.5472
-1.2000	-0.7000	0.0500	-13.3198
-1.2000	-0.6000	0.0500	-16.5904
-1.2000	-0.5000	0.0500	-19.8299
-1.2000	-0.4000	0.0500	-22.2798
-1.2000	-0.3000	0.0500	-23.0476
-1.2000	-0.2000	0.0500	-20.9775
-1.2000	-0.1000	0.0500	-14.7902
-1.2000	-0.0000	0.0500	-7.7405
-1.2000	0.1000	0.0500	0.0788
-1.2000	0.2000	0.0500	5.9521
-1.2000	0.3000	0.0500	9.7024
-1.2000	0.4000	0.0500	10.2581
-1.2000	0.5000	0.0500	9.3480
-1.2000	0.6000	0.0500	7.7972
-1.2000	0.7000	0.0500	6.1434
-1.2000	0.8000	0.0500	4.6397
-1.2000	0.9000	0.0500	3.3722
-1.2000	1.0000	0.0500	2.4337
-1.2000	1.1000	0.0500	1.7467
-1.2000	1.2000	0.0500	1.2472
-1.2000	1.3000	0.0500	0.8814
-1.2000	1.4000	0.0500	0.6118
-1.2000	1.5000	0.0500	0.4073
-1.2000	1.6000	0.0500	0.2414
-1.2000	1.7000	0.0500	0.2358
-1.2000	1.8000	0.0500	0.1370
-1.2000	1.9000	0.0500	0.0712
-1.1000	-2.0000	0.0500	-0.4965
-1.1000	-1.9000	0.0500	-0.6955
-1.1000	-1.8000	0.0500	-1.1425
-1.1000	-1.7000	0.0500	-1.4023
-1.1000	-1.6000	0.0500	-1.7478
-1.1000	-1.5000	0.0500	-2.2827
-1.1000	-1.4000	0.0500	-2.4956
-1.1000	-1.3000	0.0500	-3.2413
-1.1000	-1.2000	0.0500	-4.1666
-1.1000	-1.1000	0.0500	-5.2905
-1.1000	-1.0000	0.0500	-6.6836
-1.1000	-0.9000	0.0500	-9.0659
-1.1000	-0.8000	0.0500	-11.5812
-1.1000	-0.7000	0.0500	-14.8546
-1.1000	-0.6000	0.0500	-18.7689
-1.1000	-0.5000	0.0500	-22.8665
-1.1000	-0.4000	0.0500	-26.3635
-1.1000	-0.3000	0.0500	-27.9872
-1.1000	-0.2000	0.0500	-26.1550
-1.1000	-0.1000	0.0500	-20.1843
-1.1000	-0.0000	0.0500	-11.3611
-1.1000	0.1000	0.0500	-2.0869
-1.1000	0.2000	0.0500	4.9490
-1.1000	0.3000	0.0500	9.5464
-1.1000	0.4000	0.0500	10.5053
-1.1000	0.5000	0.0500	9.6570
-1.1000	0.6000	0.0500	8.0523
-1.1000	0.7000	0.0500	6.2960
-1.1000	0.8000	0.0500	4.7030
-1.1000	0.9000	0.0500	3.4164
-1.1000	1.0000	0.0500	2.4262
-1.1000	1.1000	0.0500	1.7098
-1.1000	1.2000	0.0500	1.2113
-1.1000	1.3000	0.0500	0.8463
-1.1000	1.4000	0.0500	0.5739
-1.1000	1.5000	0.0500	0.3726
-1.1000	1.6000	0.0500	0.2052
-1.1000	1.7000	0.0500	0.2193
-1.1000	1.8000	0.0500	0.1357
-1.1000	1.9000	0.0500	0.0718
-1.0000	-2.0000	0.0500	-0.5817
-1.0000	-1.9000	0.0500	-0.8143
-1.0000	-1.8000	0.0500	-1.3269
-1.0000	-1.7000	0.0500	-1.1567
-1.0000	-1.6000	0.0500	-1.5662
-1.0000	-1.5000	0.0500	-1.9852
-1.0000	-1.4000	0.0500	-2.4657
-1.0000	-1.3000	0.0500	-3.1615
-1.0000	-1.2000	0.0500	-4.0885
-1.0000	-1.1000	0.0500	-5.2375
-1.0000	-1.0000	0.0500	-6.6451
-1.0000	-0.9000	0.0500	-9.2007
-1.0000	-0.8000	0.0500	-11.9329
-1.0000	-0.7000	0.0500	-15.4231
-1.0000	-0.6000	0.0500	-19.6474
-1.0000	-0.5000	0.0500	-24.2433
-1.0000	-0.4000	0.0500	-28.3320
-1.0000	-0.3000	0.0500	-30.5060
-1.0000	-0.2000	0.0500	-28.9938
-1.0000	-0.1000	0.0500	-22.9827
-1.0000	-0.0000	0.0500	-13.6605
-1.0000	0.1000	0.0500	-3.6285
-1.0000	0.2000	0.0500	4.3092
-1.0000	0.3000	0.0500	8.8402
-1.0000	0.4000	0.0500	10.1438
-1.0000	0.5000	0.0500	9.4808
-1.0000	0.6000	0.0500	8.0113
-1.0000	0.7000	0.0500	6.2449
-1.0000	0.8000	0.0500	4.5854
-1.0000	0.9000	0.0500	3.3003
-1.0000	1.0000	0.0500	2.3383
-1.0000	1.1000	0.0500	1.6001
-1.0000	1.2000	0.0500	1.1516
-1.0000	1.3000	0.0500	0.7970
-1.0000	1.4000	0.0500	0.5362
-1.0000	1.5000	0.0500	0.3561
-1.0000	1.6000	0.0500	0.2464
-1.0000	1.7000	0.0500	0.1847
-1.0000	1.8000	0.0500	0.1480
-1.0000	1.9000	0.0500	0.1743
-0.9000	-2.0000	0.0500	-0.5703
-0.9000	-1.9000	0.0500	-0.7702
-0.9000	-1.8000	0.0500	-1.2750
-0.9000	-1.7000	0.0500	-1.0248
-0.9000	-1.6000	0.0500	-1.3880
-0.9000	-1.5000	0.0500	-1.8163
-0.9000	-1.4000	0.0500	-2.3505
-0.9000	-1.3000	0.0500	-2.9090
-0.9000	-1.2000	0.0500	-3.8196
-0.9000	-1.1000	0.0500	-4.9896
-0.9000	-1.0000	0.0500	-6.5738
-0.9000	-0.9000	0.0500	-8.7242
-0.9000	-0.8000	0.0500	-11.4319
-0.9000	-0.7000	0.0500	-14.7802
-0.9000	-0.6000	0.0500	-18.7439
-0.9000	-0.5000	0.0500	-23.4897
-0.9000	-0.4000	0.0500	-27.4959
-0.9000	-0.3000	0.0500	-29.7753
-0.9000	-0.2000	0.0500	-28.7256
-0.9000	-0.1000	0.0500	-22.4241
-0.9000	-0.0000	0.0500	-13.7492
-0.9000	0.1000	0.0500	-4.2106
-0.9000	0.2000	0.0500	3.4291
-0.9000	0.3000	0.0500	7.8124
-0.9000	0.4000	0.0500	9.2200
-0.9000	0.5000	0.0500	8.7441
-0.9000	0.6000	0.0500	7.4692
-0.9000	0.7000	0.0500	5.9587
-0.9000	0.8000	0.0500	4.2056
-0.9000	0.9000	0.0500	3.0195
-0.9000	1.0000	0.0500	2.1505
-0.9000	1.1000	0.0500	1.4622
-0.9000	1.2000	0.0500	1.0522
-0.9000	1.3000	0.0500	0.7323
-0.9000	1.4000	0.0500	0.5049
-0.9000	1.5000	0.0500	0.3348
-0.9000	1.6000	0.0500	0.2107
-0.9000	1.7000	0.0500	0.1495
-0.9000	1.8000	0.0500	0.1340
-0.9000	1.9000	0.0500	0.1944
-0.8000	-2.0000	0.0500	-0.5010
-0.8000	-1.9000	0.0500	-0.6462
-0.8000	-1.8000	0.0500	-0.7919
-0.8000	-1.7000	0.0500	-0.9183
-0.8000	-1.6000	0.0500	-1.1942
-0.8000	-1.5000	0.0500	-1.5725
-0.8000	-1.4000	0.0500	-2.0833
-0.8000	-1.3000	0.0500	-2.5372
-0.8000	-1.2000	0.0500	-3.3621
-0.8000	-1.1000	0.0500	-4.4024
-0.8000	-1.0000	0.0500	-5.7846
-0.8000	-0.9000	0.0500	-7.7094
-0.8000	-0.8000	0.0500	-10.1760
-0.8000	-0.7000	0.0500	-13.2400
-0.8000	-0.6000	0.0500	-16.3748
-0.8000	-0.5000	0.0500	-20.5143
-0.8000	-0.4000	0.0500	-23.9347
-0.8000	-0.3000	0.0500	-25.7777
-0.8000	-0.2000	0.0500	-24.8514
-0.8000	-0.1000	0.0500	-19.1824
-0.8000	-0.0000	0.0500	-11.7997
-0.8000	0.1000	0.0500	-3.7945
-0.8000	0.2000	0.0500	2.7686
-0.8000	0.3000	0.0500	6.5310
-0.8000	0.4000	0.0500	7.8130
-0.8000	0.5000	0.0500	7.5034
-0.8000	0.6000	0.0500	6.4287
-0.8000	0.7000	0.0500	5.2169
-0.8000	0.8000	0.0500	3.6620
-0.8000	0.9000	0.0500	2.5803
-0.8000	1.0000	0.0500	1.8638
-0.8000	1.1000	0.0500	1.3029
-0.8000	1.2000	0.0500	0.9143
-0.8000	1.3000	0.0500	0.6458
-0.8000	1.4000	0.0500	0.4743
-0.8000	1.5000	0.0500	0.3644
-0.8000	1.6000	0.0500	0.1518
-0.8000	1.7000	0.0500	0.1067
-0.8000	1.8000	0.0500	0.0836
-0.8000	1.9000	0.0500	0.0576
-0.7000	-2.0000	0.0500	-0.3967
-0.7000	-1.9000	0.0500	-0.5079
-0.7000	-1.8000	0.0500	-0.5986
-0.7000	-1.7000	0.0500	-0.6941
-0.7000	-1.6000	0.0500	-0.9308
-0.7000	-1.5000	0.0500	-1.2307
-0.7000	-1.4000	0.0500	-1.6062
-0.7000	-1.3000	0.0500	-2.0584
-0.7000	-1.2000	0.0500	-2.7898
-0.7000	-1.1000	0.0500	-3.8340
-0.7000	-1.0000	0.0500	-4.5174
-0.7000	-0.9000	0.0500	-6.2176
-0.7000	-0.8000	0.0500	-8.2439
-0.7000	-0.7000	0.0500	-10.8515
-0.7000	-0.6000	0.0500	-13.5729
-0.7000	-0.5000	0.0500	-15.9167
-0.7000	-0.4000	0.0500	-18.5177
-0.7000	-0.3000	0.0500	-19.6172
-0.7000	-0.2000	0.0500	-18.3311
-0.7000	-0.1000	0.0500	-14.3692
-0.7000	-0.0000	0.0500	-8.6856
-0.7000	0.1000	0.0500	-2.6775
-0.7000	0.2000	0.0500	2.2890
-0.7000	0.3000	0.0500	5.0930
-0.7000	0.4000	0.0500	5.9540
-0.7000	0.5000	0.0500	5.9153
-0.7000	0.6000	0.0500	5.1828
-0.7000	0.7000	0.0500	4.1863
-0.7000	0.8000	0.0500	3.2250
-0.7000	0.9000	0.0500	2.0103
-0.7000	1.0000	0.0500	1.4976
-0.7000	1.1000	0.0500	1.0590
-0.7000	1.2000	0.0500	0.7399
-0.7000	1.3000	0.0500	0.5318
-0.7000	1.4000	0.0500	0.4200
-0.7000	1.5000	0.0500	0.3191
-0.7000	1.6000	0.0500	0.1182
-0.7000	1.7000	0.0500	0.0748
-0.7000	1.8000	0.0500	0.0526
-0.7000	1.9000	0.0500	0.0268
-0.6000	-2.0000	0.0500	-0.2719
-0.6000	-1.9000	0.0500	-0.3965
-0.6000	-1.8000	0.0500	-0.7118
-0.6000	-1.7000	0.0500	-0.3494
-0.6000	-1.6000	0.0500	-0.6091
-0.6000	-1.5000	0.0500	-0.8416
-0.6000	-1.4000	0.0500	-1.0965
-0.6000	-1.3000	0.0500	-1.4441
-0.6000	-1.2000	0.0500	-1.9836
-0.6000	-1.1000	0.0500	-2.7901
-0.6000	-1.0000	0.0500	-2.9210
-0.6000	-0.9000	0.0500	-4.4512
-0.6000	-0.8000	0.0500	-5.7839
-0.6000	-0.7000	0.0500	-7.5114
-0.6000	-0.6000	0.0500	-9.6908
-0.6000	-0.5000	0.0500	-10.9051
-0.6000	-0.4000	0.0500	-12.4681
-0.6000	-0.3000	0.0500	-12.9616
-0.6000	-0.2000	0.0500	-11.8739
-0.6000	-0.1000	0.0500	-9.1470
-0.6000	-0.0000	0.0500	-5.3229
-0.6000	0.1000	0.0500	-1.3346
-0.6000	0.2000	0.0500	1.9707
-0.6000	0.3000	0.0500	3.9935
-0.6000	0.4000	0.0500	4.0205
-0.6000	0.5000	0.0500	4.1994
-0.6000	0.6000	0.0500	3.7692
-0.6000	0.7000	0.0500	3.0908
-0.6000	0.8000	0.0500	2.5355
-0.6000	0.9000	0.0500	1.5118
-0.6000	1.0000	0.0500	1.0857
-0.6000	1.1000	0.0500	0.7580
-0.6000	1.2000	0.0500	0.5249
-0.6000	1.3000	0.0500	0.3788
-0.6000	1.4000	0.0500	0.2950
-0.6000	1.5000	0.0500	0.1689
-0.6000	1.6000	0.0500	0.0927
-0.6000	1.7000	0.0500	0.0562
-0.6000	1.8000	0.0500	0.0348
-0.6000	1.9000	0.0500	0.0140
-0.5000	-2.0000	0.0500	-0.1239
-0.5000	-1.9000	0.0500	-0.2224
-0.5000	-1.8000	0.0500	-0.5922
-0.5000	-1.7000	0.0500	-0.1455
-0.5000	-1.6000	0.0500	-0.2864
-0.5000	-1.5000	0.0500	-0.4364
-0.5000	-1.4000	0.0500	-0.5592
-0.5000	-1.3000	0.0500	-0.7341
-0.5000	-1.2000	0.0500	-0.9782
-0.5000	-1.1000	0.0500	-1.2187
-0.5000	-1.0000	0.0500	-1.4061
-0.5000	-0.9000	0.0500	-2.4071
-0.5000	-0.8000	0.0500	-3.0843
-0.5000	-0.7000	0.0500	-3.9044
-0.5000	-0.6000	0.0500	-4.7801
-0.5000	-0.5000	0.0500	-5.9844
-0.5000	-0.4000	0.0500	-6.6171
-0.5000	-0.3000	0.0500	-6.6965
-0.5000	-0.2000	0.0500	-5.9534
-0.5000	-0.1000	0.0500	-4.3802
-0.5000	-0.0000	0.0500	-2.2834
-0.5000	0.1000	0.0500	-0.1513
-0.5000	0.2000	0.0500	1.6665
-0.5000	0.3000	0.0500	2.8016
-0.5000	0.4000	0.0500	2.5500
-0.5000	0.5000	0.0500	2.6024
-0.5000	0.6000	0.0500	2.3384
-0.5000	0.7000	0.0500	1.8903
-0.5000	0.8000	0.0500	1.4649
-0.5000	0.9000	0.0500	1.0219
-0.5000	1.0000	0.0500	0.6897
-0.5000	1.1000	0.0500	0.4229
-0.5000	1.2000	0.0500	0.2768
-0.5000	1.3000	0.0500	0.2005
-0.5000	1.4000	0.0500	0.1407
-0.5000	1.5000	0.0500	0.0890
-0.5000	1.6000	0.0500	0.0569
-0.5000	1.7000	0.0500	0.0369
-0.5000	1.8000	0.0500	0.0256
-0.5000	1.9000	0.0500	0.0294
-0.4000	-2.0000	0.0500	0.0639
-0.4000	-1.9000	0.0500	0.0590
-0.4000	-1.8000	0.0500	0.1165
-0.4000	-1.7000	0.0500	-0.0314
-0.4000	-1.6000	0.0500	0.1413
-0.4000	-1.5000	0.0500	-0.0529
-0.4000	-1.4000	0.0500	-0.0103
-0.4000	-1.3000	0.0500	-0.0055
-0.4000	-1.2000	0.0500	-0.0238
-0.4000	-1.1000	0.0500	-0.0501
-0.4000	-1.0000	0.0500	-0.1276
-0.4000	-0.9000	0.0500	-0.2820
-0.4000	-0.8000	0.0500	-0.3897
-0.4000	-0.7000	0.0500	-0.4717
-0.4000	-0.6000	0.0500	-0.5089
-0.4000	-0.5000	0.0500	-1.1932
-0.4000	-0.4000	0.0500	-1.2654
-0.4000	-0.3000	0.0500	-1.1445
-0.4000	-0.2000	0.0500	-0.8047
-0.4000	-0.1000	0.0500	-0.2691
-0.4000	-0.0000	0.0500	0.3444
-0.4000	0.1000	0.0500	0.8947
-0.4000	0.2000	0.0500	1.2851
-0.4000	0.3000	0.0500	1.2985
-0.4000	0.4000	0.0500	1.2009
-0.4000	0.5000	0.0500	1.1175
-0.4000	0.6000	0.0500	0.9895
-0.4000	0.7000	0.0500	0.8058
-0.4000	0.8000	0.0500	0.6345
-0.4000	0.9000	0.0500	0.5346
-0.4000	1.0000	0.0500	0.3485
-0.4000	1.1000	0.0500	0.0948
-0.4000	1.2000	0.0500	0.0200
-0.4000	1.3000	0.0500	0.0275
-0.4000	1.4000	0.0500	0.0157
-0.4000	1.5000	0.0500	0.0051
-0.4000	1.6000	0.0500	0.0108
-0.4000	1.7000	0.0500	0.0149
-0.4000	1.8000	0.0500	0.0098
-0.4000	1.9000	0.0500	0.0233
-0.3000	-2.0000	0.0500	0.3259
-0.3000	-1.9000	0.0500	0.5390
-0.3000	-1.8000	0.0500	0.3743
-0.3000	-1.7000	0.0500	0.0633
-0.3000	-1.6000	0.0500	0.5285
-0.3000	-1.5000	0.0500	0.3918
-0.3000	-1.4000	0.0500	0.5330
-0.3000	-1.3000	0.0500	0.6959
-0.3000	-1.2000	0.0500	0.8788
-0.3000	-1.1000	0.0500	1.0892
-0.3000	-1.0000	0.0500	1.3372
-0.3000	-0.9000	0.0500	1.6616
-0.3000	-0.8000	0.0500	2.0629
-0.3000	-0.7000	0.0500	2.5324
-0.3000	-0.6000	0.0500	2.9908
-0.3000	-0.5000	0.0500	3.1748
-0.3000	-0.4000	0.0500	3.4561
-0.3000	-0.3000	0.0500	3.6501
-0.3000	-0.2000	0.0500	3.6134
-0.3000	-0.1000	0.0500	3.2743
-0.3000	-0.0000	0.0500	2.6545
-0.3000	0.1000	0.0500	1.8614
-0.3000	0.2000	0.0500	1.0460
-0.3000	0.3000	0.0500	0.3655
-0.3000	0.4000	0.0500	-0.0512
-0.3000	0.5000	0.0500	-0.2229
-0.3000	0.6000	0.0500	-0.2402
-0.3000	0.7000	0.0500	-0.2081
-0.3000	0.8000	0.0500	-0.1701
-0.3000	0.9000	0.0500	-0.0522
-0.3000	1.0000	0.0500	-0.0789
-0.3000	1.1000	0.0500	-0.2345
-0.3000	1.2000	0.0500	-0.2137
-0.3000	1.3000	0.0500	-0.1106
-0.3000	1.4000	0.0500	-0.0929
-0.3000	1.5000	0.0500	-0.0887
-0.3000	1.6000	0.0500	-0.0731
-0.3000	1.7000	0.0500	-0.0055
-0.3000	1.8000	0.0500	-0.0173
-0.3000	1.9000	0.0500	-0.0247
-0.2000	-2.0000	0.0500	0.3691
-0.2000	-1.9000	0.0500	0.8269
-0.2000	-1.8000	0.0500	0.4255
-0.2000	-1.7000	0.0500	0.2936
-0.2000	-1.6000	0.0500	0.6841
-0.2000	-1.5000	0.0500	0.8281
-0.2000	-1.4000	0.0500	1.0432
-0.2000	-1.3000	0.0500	1.3356
-0.2000	-1.2000	0.0500	1.7128
-0.2000	-1.1000	0.0500	2.1947
-0.2000	-1.0000	0.0500	2.6295
-0.2000	-0.9000	0.0500	3.3305
-0.2000	-0.8000	0.0500	4.1420
-0.2000	-0.7000	0.0500	5.0481
-0.2000	-0.6000	0.0500	5.9674
-0.2000	-0.5000	0.0500	6.7811
-0.2000	-0.4000	0.0500	7.3912
-0.2000	-0.3000	0.0500	7.6447
-0.2000	-0.2000	0.0500	7.3153
-0.2000	-0.1000	0.0500	6.2829
-0.2000	-0.0000	0.0500	4.6690
-0.2000	0.1000	0.0500	2.8124
-0.2000	0.2000	0.0500	1.0478
-0.2000	0.3000	0.0500	-0.3076
-0.2000	0.4000	0.0500	-1.0788
-0.2000	0.5000	0.0500	-1.3502
-0.2000	0.6000	0.0500	-1.3091
-0.2000	0.7000	0.0500	-1.1204
-0.2000	0.8000	0.0500	-0.9304
-0.2000	0.9000	0.0500	-0.7417
-0.2000	1.0000	0.0500	-0.6342
-0.2000	1.1000	0.0500	-0.6267
-0.2000	1.2000	0.0500	-0.5908
-0.2000	1.3000	0.0500	-0.1778
-0.2000	1.4000	0.0500	-0.1519
-0.2000	1.5000	0.0500	-0.1473
-0.2000	1.6000	0.0500	-0.1309
-0.2000	1.7000	0.0500	-0.0474
-0.2000	1.8000	0.0500	-0.0472
-0.2000	1.9000	0.0500	-0.0483
-0.1000	-2.0000	0.0500	0.3309
-0.1000	-1.9000	0.0500	0.6637
-0.1000	-1.8000	0.0500	0.6024
-0.1000	-1.7000	0.0500	0.6988
-0.1000	-1.6000	0.0500	0.9256
-0.1000	-1.5000	0.0500	1.1707
-0.1000	-1.4000	0.0500	1.4721
-0.1000	-1.3000	0.0500	1.8712
-0.1000	-1.2000	0.0500	2.4019
-0.1000	-1.1000	0.0500	3.0960
-0.1000	-1.0000	0.0500	3.7128
-0.1000	-0.9000	0.0500	4.6656
-0.1000	-0.8000	0.0500	5.7696
-0.1000	-0.7000	0.0500	6.9987
-0.1000	-0.6000	0.0500	8.2791
-0.1000	-0.5000	0.0500	9.4676
-0.1000	-0.4000	0.0500	10.3584
-0.1000	-0.3000	0.0500	10.6844
-0.1000	-0.2000	0.0500	10.1715
-0.1000	-0.1000	0.0500	8.7276
-0.1000	-0.0000	0.0500	6.2118
-0.1000	0.1000	0.0500	3.6067
-0.1000	0.2000	0.0500	1.1304
-0.1000	0.3000	0.0500	-0.7587
-0.1000	0.4000	0.0500	-1.8358
-0.1000	0.5000	0.0500	-2.2144
-0.1000	0.6000	0.0500	-2.1461
-0.1000	0.7000	0.0500	-1.8569
-0.1000	0.8000	0.0500	-1.5003
-0.1000	0.9000	0.0500	-1.3155
-0.1000	1.0000	0.0500	-1.0980
-0.1000	1.1000	0.0500	-1.0115
-0.1000	1.2000	0.0500	-0.9845
-0.1000	1.3000	0.0500	-0.3343
-0.1000	1.4000	0.0500	-0.1786
-0.1000	1.5000	0.0500	-0.1587
-0.1000	1.6000	0.0500	-0.1331
-0.1000	1.7000	0.0500	-0.0992
-0.1000	1.8000	0.0500	-0.0822
-0.1000	1.9000	0.0500	-0.0705
0.0000	-2.0000	0.0500	0.5569
0.0000	-1.9000	0.0500	0.6721
0.0000	-1.8000	0.0500	0.7660
0.0000	-1.7000	0.0500	0.9260
0.0000	-1.6000	0.0500	1.1553
0.0000	-1.5000	0.0500	1.4378
0.0000	-1.4000	0.0500	1.7942
0.0000	-1.3000	0.0500	2.2591
0.0000	-1.2000	0.0500	2.8797
0.0000	-1.1000	0.0500	3.6688
0.0000	-1.0000	0.0500	4.5365
0.0000	-0.9000	0.0500	5.6278
0.0000	-0.8000	0.0500	6.8954
0.0000	-0.7000	0.0500	8.3073
0.0000	-0.6000	0.0500	9.7849
0.0000	-0.5000	0.0500	11.1687
0.0000	-0.4000	0.0500	12.2142
0.0000	-0.3000	0.0500	12.5921
0.0000	-0.2000	0.0500	11.9219
0.0000	-0.1000	0.0500	10.1142
0.0000	-0.0000	0.0500	7.1529
0.0000	0.1000	0.0500	4.0740
0.0000	0.2000	0.0500	1.1659
0.0000	0.3000	0.0500	-1.0417
0.0000	0.4000	0.0500	-2.3303
0.0000	0.5000	0.0500	-2.8114
0.0000	0.6000	0.0500	-2.7421
0.0000	0.7000	0.0500	-2.3899
0.0000	0.8000	0.0500	-1.9487
0.0000	0.9000	0.0500	-1.7062
0.0000	1.0000	0.0500	-1.4338
0.0000	1.1000	0.0500	-1.3144
0.0000	1.2000	0.0500	-1.2634
0.0000	1.3000	0.0500	-0.6056
0.0000	1.4000	0.0500	-0.2500
0.0000	1.5000	0.0500	-0.1788
0.0000	1.6000	0.0500	-0.1693
0.0000	1.7000	0.0500	-0.1477
0.0000	1.8000	0.0500	-0.1173
0.0000	1.9000	0.0500	-0.0933
0.1000	-2.0000	0.0500	0.6119
0.1000	-1.9000	0.0500	0.7357
0.1000	-1.8000	0.0500	0.8868
0.1000	-1.7000	0.0500	1.0868
0.1000	-1.6000	0.0500	1.3429
0.1000	-1.5000	0.0500	1.6380
0.1000	-1.4000	0.0500	1.9961
0.1000	-1.3000	0.0500	2.4766
0.1000	-1.2000	0.0500	3.1011
0.1000	-1.1000	0.0500	4.0341
0.1000	-1.0000	0.0500	5.0301
0.1000	-0.9000	0.0500	6.1924
0.1000	-0.8000	0.0500	7.5083
0.1000	-0.7000	0.0500	8.9530
0.1000	-0.6000	0.0500	10.4551
0.1000	-0.5000	0.0500	11.8517
0.1000	-0.4000	0.0500	12.9032
0.1000	-0.3000	0.0500	13.3261
0.1000	-0.2000	0.0500	12.6951
0.1000	-0.1000	0.0500	10.1901
0.1000	-0.0000	0.0500	7.3098
0.1000	0.1000	0.0500	4.1217
0.1000	0.2000	0.0500	1.0953
0.1000	0.3000	0.0500	-1.1910
0.1000	0.4000	0.0500	-2.5792
0.1000	0.5000	0.0500	-3.1725
0.1000	0.6000	0.0500	-3.1553
0.1000	0.7000	0.0500	-2.7335
0.1000	0.8000	0.0500	-2.3227
0.1000	0.9000	0.0500	-1.9404
0.1000	1.0000	0.0500	-1.6263
0.1000	1.1000	0.0500	-1.4453
0.1000	1.2000	0.0500	-1.3439
0.1000	1.3000	0.0500	-0.7716
0.1000	1.4000	0.0500	-0.3713
0.1000	1.5000	0.0500	-0.2368
0.1000	1.6000	0.0500	-0.1843
0.1000	1.7000	0.0500	-0.2030
0.1000	1.8000	0.0500	-0.1514
0.1000	1.9000	0.0500	-0.1157
0.2000	-2.0000	0.0500	0.6607
0.2000	-1.9000	0.0500	0.8005
0.2000	-1.8000	0.0500	0.9772
0.2000	-1.7000	0.0500	1.2066
0.2000	-1.6000	0.0500	1.5164
0.2000	-1.5000	0.0500	1.9021
0.2000	-1.4000	0.0500	2.0696
0.2000	-1.3000	0.0500	2.6024
0.2000	-1.2000	0.0500	3.2193
0.2000	-1.1000	0.0500	4.0524
0.2000	-1.0000	0.0500	5.1608
0.2000	-0.9000	0.0500	6.3555
0.2000	-0.8000	0.0500	7.6412
0.2000	-0.7000	0.0500	8.9936
0.2000	-0.6000	0.0500	10.3659
0.2000	-0.5000	0.0500	11.6096
0.2000	-0.4000	0.0500	12.5008
0.2000	-0.3000	0.0500	12.7904
0.2000	-0.2000	0.0500	12.1238
0.2000	-0.1000	0.0500	9.5792
0.2000	-0.0000	0.0500	6.7790
0.2000	0.1000	0.0500	3.7467
0.2000	0.2000	0.0500	0.8946
0.2000	0.3000	0.0500	-1.2100
0.2000	0.4000	0.0500	-2.4189
0.2000	0.5000	0.0500	-3.3498
0.2000	0.6000	0.0500	-3.3322
0.2000	0.7000	0.0500	-2.9025
0.2000	0.8000	0.0500	-2.4809
0.2000	0.9000	0.0500	-2.0645
0.2000	1.0000	0.0500	-1.7013
0.2000	1.1000	0.0500	-1.4103
0.2000	1.2000	0.0500	-1.1182
0.2000	1.3000	0.0500	-0.7675
0.2000	1.4000	0.0500	-0.5006
0.2000	1.5000	0.0500	-0.3358
0.2000	1.6000	0.0500	-0.2324
0.2000	1.7000	0.0500	-0.2388
0.2000	1.8000	0.0500	-0.1796
0.2000	1.9000	0.0500	-0.1365
0.3000	-2.0000	0.0500	0.6987
0.3000	-1.9000	0.0500	0.8468
0.3000	-1.8000	0.0500	1.0343
0.3000	-1.7000	0.0500	1.2786
0.3000	-1.6000	0.0500	1.6281
0.3000	-1.5000	0.0500	2.1218
0.3000	-1.4000	0.0500	2.1005
0.3000	-1.3000	0.0500	2.6245
0.3000	-1.2000	0.0500	3.3995
0.3000	-1.1000	0.0500	4.0056
0.3000	-1.0000	0.0500	5.0127
0.3000	-0.9000	0.0500	6.1526
0.3000	-0.8000	0.0500	7.3450
0.3000	-0.7000	0.0500	8.5715
0.3000	-0.6000	0.0500	9.6865
0.3000	-0.5000	0.0500	10.6635
0.3000	-0.4000	0.0500	11.2833
0.3000	-0.3000	0.0500	11.2723
0.3000	-0.2000	0.0500	10.3243
0.3000	-0.1000	0.0500	8.3605
0.3000	-0.0000	0.0500	5.8312
0.3000	0.1000	0.0500	3.0885
0.3000	0.2000	0.0500	0.5743
0.3000	0.3000	0.0500	-1.2730
0.3000	0.4000	0.0500	-2.3099
0.3000	0.5000	0.0500	-3.2531
0.3000	0.6000	0.0500	-3.2450
0.3000	0.7000	0.0500	-2.9227
0.3000	0.8000	0.0500	-2.5151
0.3000	0.9000	0.0500	-2.0988
0.3000	1.0000	0.0500	-1.7134
0.3000	1.1000	0.0500	-1.3649
0.3000	1.2000	0.0500	-1.0145
0.3000	1.3000	0.0500	-0.6448
0.3000	1.4000	0.0500	-0.6515
0.3000	1.5000	0.0500	-0.4376
0.3000	1.6000	0.0500	-0.3268
0.3000	1.7000	0.0500	-0.2673
0.3000	1.8000	0.0500	-0.1980
0.3000	1.9000	0.0500	-0.1495
0.4000	-2.0000	0.0500	0.7214
0.4000	-1.9000	0.0500	0.8697
0.4000	-1.8000	0.0500	1.0559
0.4000	-1.7000	0.0500	1.2940
0.4000	-1.6000	0.0500	1.6104
0.4000	-1.5000	0.0500	2.0087
0.4000	-1.4000	0.0500	2.1053
0.4000	-1.3000	0.0500	2.4208
0.4000	-1.2000	0.0500	3.4884
0.4000	-1.1000	0.0500	4.0327
0.4000	-1.0000	0.0500	4.7634
0.4000	-0.9000	0.0500	5.5990
0.4000	-0.8000	0.0500	6.3668
0.4000	-0.7000	0.0500	7.9049
0.4000	-0.6000	0.0500	8.6111
0.4000	-0.5000	0.0500	9.2890
0.4000	-0.4000	0.0500	9.6445
0.4000	-0.3000	0.0500	9.4320
0.4000	-0.2000	0.0500	8.4938
0.4000	-0.1000	0.0500	6.8229
0.4000	-0.0000	0.0500	4.6449
0.4000	0.1000	0.0500	2.3222
0.4000	0.2000	0.0500	0.2004
0.4000	0.3000	0.0500	-1.4193
0.4000	0.4000	0.0500	-2.4659
0.4000	0.5000	0.0500	-3.0009
0.4000	0.6000	0.0500	-3.0169
0.4000	0.7000	0.0500	-2.8220
0.4000	0.8000	0.0500	-2.4540
0.4000	0.9000	0.0500	-2.0668
0.4000	1.0000	0.0500	-1.6948
0.4000	1.1000	0.0500	-1.3451
0.4000	1.2000	0.0500	-1.0022
0.4000	1.3000	0.0500	-0.6360
0.4000	1.4000	0.0500	-0.6929
0.4000	1.5000	0.0500	-0.4806
0.4000	1.6000	0.0500	-0.3129
0.4000	1.7000	0.0500	-0.3124
0.4000	1.8000	0.0500	-0.2032
0.4000	1.9000	0.0500	-0.0961
0.5000	-2.0000	0.0500	0.7285
0.5000	-1.9000	0.0500	0.8705
0.5000	-1.8000	0.0500	1.0442
0.5000	-1.7000	0.0500	1.2648
0.5000	-1.6000	0.0500	1.5351
0.5000	-1.5000	0.0500	1.8307
0.5000	-1.4000	0.0500	2.1004
0.5000	-1.3000	0.0500	2.3772
0.5000	-1.2000	0.0500	3.3102
0.5000	-1.1000	0.0500	3.8588
0.5000	-1.0000	0.0500	4.5935
0.5000	-0.9000	0.0500	4.9400
0.5000	-0.8000	0.0500	5.5316
0.5000	-0.7000	0.0500	7.0016
0.5000	-0.6000	0.0500	7.2366
0.5000	-0.5000	0.0500	7.7262
0.5000	-0.4000	0.0500	7.8883
0.5000	-0.3000	0.0500	7.5670
0.5000	-0.2000	0.0500	6.7201
0.5000	-0.1000	0.0500	5.3858
0.5000	-0.0000	0.0500	3.4490
0.5000	0.1000	0.0500	1.5896
0.5000	0.2000	0.0500	-0.1375
0.5000	0.3000	0.0500	-1.4786
0.5000	0.4000	0.0500	-2.3375
0.5000	0.5000	0.0500	-2.7303
0.5000	0.6000	0.0500	-2.7430
0.5000	0.7000	0.0500	-2.6212
0.5000	0.8000	0.0500	-2.3200
0.5000	0.9000	0.0500	-1.9890
0.5000	1.0000	0.0500	-1.6629
0.5000	1.1000	0.0500	-1.3291
0.5000	1.2000	0.0500	-1.0274
0.5000	1.3000	0.0500	-0.8325
0.5000	1.4000	0.0500	-0.6786
0.5000	1.5000	0.0500	-0.4973
0.5000	1.6000	0.0500	-0.3222
0.5000	1.7000	0.0500	-0.3258
0.5000	1.8000	0.0500	-0.2163
0.5000	1.9000	0.0500	-0.0909
0.6000	-2.0000	0.0500	0.6813
0.6000	-1.9000	0.0500	0.8457
0.6000	-1.8000	0.0500	0.9932
0.6000	-1.7000	0.0500	1.2059
0.6000	-1.6000	0.0500	1.4409
0.6000	-1.5000	0.0500	1.7599
0.6000	-1.4000	0.0500	2.0891
0.6000	-1.3000	0.0500	2.4848
0.6000	-1.2000	0.0500	2.9854
0.6000	-1.1000	0.0500	3.5145
0.6000	-1.0000	0.0500	4.1937
0.6000	-0.9000	0.0500	4.4610
0.6000	-0.8000	0.0500	5.2901
0.6000	-0.7000	0.0500	6.1935
0.6000	-0.6000	0.0500	5.7760
0.6000	-0.5000	0.0500	6.1649
0.6000	-0.4000	0.0500	6.1975
0.6000	-0.3000	0.0500	5.8276
0.6000	-0.2000	0.0500	5.0818
0.6000	-0.1000	0.0500	4.0474
0.6000	-0.0000	0.0500	2.4852
0.6000	0.1000	0.0500	1.0059
0.6000	0.2000	0.0500	-0.4018
0.6000	0.3000	0.0500	-1.4827
0.6000	0.4000	0.0500	-2.1702
0.6000	0.5000	0.0500	-2.5053
0.6000	0.6000	0.0500	-2.4763
0.6000	0.7000	0.0500	-2.3662
0.6000	0.8000	0.0500	-2.1260
0.6000	0.9000	0.0500	-1.8682
0.6000	1.0000	0.0500	-1.6648
0.6000	1.1000	0.0500	-1.4646
0.6000	1.2000	0.0500	-0.9491
0.6000	1.3000	0.0500	-0.8775
0.6000	1.4000	0.0500	-0.6919
0.6000	1.5000	0.0500	-0.5237
0.6000	1.6000	0.0500	-0.4043
0.6000	1.7000	0.0500	-0.3227
0.6000	1.8000	0.0500	-0.2418
0.6000	1.9000	0.0500	-0.1798
0.7000	-2.0000	0.0500	0.6232
0.7000	-1.9000	0.0500	0.7213
0.7000	-1.8000	0.0500	0.6912
0.7000	-1.7000	0.0500	1.1551
0.7000	-1.6000	0.0500	1.2741
0.7000	-1.5000	0.0500	1.6421
0.7000	-1.4000	0.0500	1.9764
0.7000	-1.3000	0.0500	2.2996
0.7000	-1.2000	0.0500	2.6836
0.7000	-1.1000	0.0500	3.0739
0.7000	-1.0000	0.0500	3.4384
0.7000	-0.9000	0.0500	3.8901
0.7000	-0.8000	0.0500	4.4882
0.7000	-0.7000	0.0500	5.0620
0.7000	-0.6000	0.0500	4.6249
0.7000	-0.5000	0.0500	4.7602
0.7000	-0.4000	0.0500	4.6171
0.7000	-0.3000	0.0500	4.3001
0.7000	-0.2000	0.0500	3.6240
0.7000	-0.1000	0.0500	2.7800
0.7000	-0.0000	0.0500	1.7928
0.7000	0.1000	0.0500	0.6542
0.7000	0.2000	0.0500	-0.5766
0.7000	0.3000	0.0500	-1.4621
0.7000	0.4000	0.0500	-1.9911
0.7000	0.5000	0.0500	-2.2529
0.7000	0.6000	0.0500	-2.1918
0.7000	0.7000	0.0500	-2.1128
0.7000	0.8000	0.0500	-1.9156
0.7000	0.9000	0.0500	-1.4571
0.7000	1.0000	0.0500	-1.6525
0.7000	1.1000	0.0500	-1.3743
0.7000	1.2000	0.0500	-0.5915
0.7000	1.3000	0.0500	-1.0091
0.7000	1.4000	0.0500	-0.7129
0.7000	1.5000	0.0500	-0.5282
0.7000	1.6000	0.0500	-0.4128
0.7000	1.7000	0.0500	-0.3250
0.7000	1.8000	0.0500	-0.2538
0.7000	1.9000	0.0500	-0.1987
0.8000	-2.0000	0.0500	0.6290
0.8000	-1.9000	0.0500	0.6393
0.8000	-1.8000	0.0500	0.5520
0.8000	-1.7000	0.0500	1.0357
0.8000	-1.6000	0.0500	1.1488
0.8000	-1.5000	0.0500	1.4934
0.8000	-1.4000	0.0500	1.7966
0.8000	-1.3000	0.0500	2.0523
0.8000	-1.2000	0.0500	2.3585
0.8000	-1.1000	0.0500	2.9468
0.8000	-1.0000	0.0500	2.8209
0.8000	-0.9000	0.0500	3.2262
0.8000	-0.8000	0.0500	3.5501
0.8000	-0.7000	0.0500	3.7081
0.8000	-0.6000	0.0500	3.6783
0.8000	-0.5000	0.0500	3.5943
0.8000	-0.4000	0.0500	3.3078
0.8000	-0.3000	0.0500	2.9824
0.8000	-0.2000	0.0500	2.4115
0.8000	-0.1000	0.0500	1.8278
0.8000	-0.0000	0.0500	1.2521
0.8000	0.1000	0.0500	0.4835
0.8000	0.2000	0.0500	-0.6684
0.8000	0.3000	0.0500	-1.4197
0.8000	0.4000	0.0500	-1.8173
0.8000	0.5000	0.0500	-1.9732
0.8000	0.6000	0.0500	-1.9193
0.8000	0.7000	0.0500	-1.8601
0.8000	0.8000	0.0500	-1.7417
0.8000	0.9000	0.0500	-1.2443
0.8000	1.0000	0.0500	-1.4419
0.8000	1.1000	0.0500	-1.0599
0.8000	1.2000	0.0500	-0.5198
0.8000	1.3000	0.0500	-0.9995
0.8000	1.4000	0.0500	-0.6831
0.8000	1.5000	0.0500	-0.5144
0.8000	1.6000	0.0500	-0.4067
0.8000	1.7000	0.0500	-0.3231
0.8000	1.8000	0.0500	-0.2570
0.8000	1.9000	0.0500	-0.2044
0.9000	-2.0000	0.0500	0.6002
0.9000	-1.9000	0.0500	0.6602
0.9000	-1.8000	0.0500	0.7695
0.9000	-1.7000	0.0500	0.9387
0.9000	-1.6000	0.0500	1.1051
0.9000	-1.5000	0.0500	1.3489
0.9000	-1.4000	0.0500	1.5840
0.9000	-1.3000	0.0500	1.7994
0.9000	-1.2000	0.0500	2.0457
0.9000	-1.1000	0.0500	2.6394
0.9000	-1.0000	0.0500	2.3834
0.9000	-0.9000	0.0500	2.6384
0.9000	-0.8000	0.0500	2.8204
0.9000	-0.7000	0.0500	2.8801
0.9000	-0.6000	0.0500	2.8246
0.9000	-0.5000	0.0500	2.6535
0.9000	-0.4000	0.0500	2.3527
0.9000	-0.3000	0.0500	1.9299
0.9000	-0.2000	0.0500	1.4591
0.9000	-0.1000	0.0500	1.0679
0.9000	-0.0000	0.0500	0.7584
0.9000	0.1000	0.0500	0.2627
0.9000	0.2000	0.0500	-0.6960
0.9000	0.3000	0.0500	-1.3582
0.9000	0.4000	0.0500	-1.6668
0.9000	0.5000	0.0500	-1.7475
0.9000	0.6000	0.0500	-1.6044
0.9000	0.7000	0.0500	-1.4512
0.9000	0.8000	0.0500	-1.5655
0.9000	0.9000	0.0500	-1.5524
0.9000	1.0000	0.0500	-1.2109
0.9000	1.1000	0.0500	-1.0504
0.9000	1.2000	0.0500	-0.9158
0.9000	1.3000	0.0500	-0.8683
0.9000	1.4000	0.0500	-0.6265
0.9000	1.5000	0.0500	-0.4875
0.9000	1.6000	0.0500	-0.3886
0.9000	1.7000	0.0500	-0.3121
0.9000	1.8000	0.0500	-0.2533
0.9000	1.9000	0.0500	-0.2052
1.0000	-2.0000	0.0500	0.5608
1.0000	-1.9000	0.0500	0.6379
1.0000	-1.8000	0.0500	0.7419
1.0000	-1.7000	0.0500	0.8685
1.0000	-1.6000	0.0500	1.0150
1.0000	-1.5000	0.0500	1.1836
1.0000	-1.4000	0.0500	1.3590
1.0000	-1.3000	0.0500	1.5477
1.0000	-1.2000	0.0500	1.7827
1.0000	-1.1000	0.0500	1.9936
1.0000	-1.0000	0.0500	2.0592
1.0000	-0.9000	0.0500	2.1649
1.0000	-0.8000	0.0500	2.2362
1.0000	-0.7000	0.0500	2.2261
1.0000	-0.6000	0.0500	2.1201
1.0000	-0.5000	0.0500	1.9098
1.0000	-0.4000	0.0500	1.5973
1.0000	-0.3000	0.0500	1.1965
1.0000	-0.2000	0.0500	0.8090
1.0000	-0.1000	0.0500	0.5417
1.0000	-0.0000	0.0500	0.3796
1.0000	0.1000	0.0500	0.0508
1.0000	0.2000	0.0500	-0.6226
1.0000	0.3000	0.0500	-1.3121
1.0000	0.4000	0.0500	-1.6514
1.0000	0.5000	0.0500	-1.3843
1.0000	0.6000	0.0500	-1.3836
1.0000	0.7000	0.0500	-1.2021
1.0000	0.8000	0.0500	-1.3543
1.0000	0.9000	0.0500	-1.4337
1.0000	1.0000	0.0500	-1.0869
1.0000	1.1000	0.0500	-1.0170
1.0000	1.2000	0.0500	-0.9126
1.0000	1.3000	0.0500	-0.7758
1.0000	1.4000	0.0500	-0.5930
1.0000	1.5000	0.0500	-0.4522
1.0000	1.6000	0.0500	-0.3604
1.0000	1.7000	0.0500	-0.2830
1.0000	1.8000	0.0500	-0.2413
1.0000	1.9000	0.0500	-0.2013
1.1000	-2.0000	0.0500	0.5191
1.1000	-1.9000	0.0500	0.5922
1.1000	-1.8000	0.0500	0.6814
1.1000	-1.7000	0.0500	0.7845
1.1000	-1.6000	0.0500	0.8940
1.1000	-1.5000	0.0500	0.9995
1.1000	-1.4000	0.0500	1.1065
1.1000	-1.3000	0.0500	1.2278
1.1000	-1.2000	0.0500	1.3796
1.1000	-1.1000	0.0500	1.7147
1.1000	-1.0000	0.0500	1.7450
1.1000	-0.9000	0.0500	1.7650
1.1000	-0.8000	0.0500	1.7661
1.1000	-0.7000	0.0500	1.7084
1.1000	-0.6000	0.0500	1.5739
1.1000	-0.5000	0.0500	1.3575
1.1000	-0.4000	0.0500	1.0696
1.1000	-0.3000	0.0500	0.7397
1.1000	-0.2000	0.0500	0.4358
1.1000	-0.1000	0.0500	0.2526
1.1000	-0.0000	0.0500	0.1502
1.1000	0.1000	0.0500	-0.0913
1.1000	0.2000	0.0500	-0.5929
1.1000	0.3000	0.0500	-1.1873
1.1000	0.4000	0.0500	-1.4999
1.1000	0.5000	0.0500	-1.1644
1.1000	0.6000	0.0500	-1.2855
1.1000	0.7000	0.0500	-1.2834
1.1000	0.8000	0.0500	-1.1717
1.1000	0.9000	0.0500	-1.0449
1.1000	1.0000	0.0500	-0.7940
1.1000	1.1000	0.0500	-1.0015
1.1000	1.2000	0.0500	-0.9344
1.1000	1.3000	0.0500	-0.9259
1.1000	1.4000	0.0500	-0.6371
1.1000	1.5000	0.0500	-0.4276
1.1000	1.6000	0.0500	-0.4438
1.1000	1.7000	0.0500	-0.2223
1.1000	1.8000	0.0500	-0.2225
1.1000	1.9000	0.0500	-0.1884
1.2000	-2.0000	0.0500	0.4749
1.2000	-1.9000	0.0500	0.5344
1.2000	-1.8000	0.0500	0.6071
1.2000	-1.7000	0.0500	0.6833
1.2000	-1.6000	0.0500	0.7736
1.2000	-1.5000	0.0500	0.8045
1.2000	-1.4000	0.0500	0.7990
1.2000	-1.3000	0.0500	0.9034
1.2000	-1.2000	0.0500	1.0653
1.2000	-1.1000	0.0500	1.5061
1.2000	-1.0000	0.0500	1.4386
1.2000	-0.9000	0.0500	1.4278
1.2000	-0.8000	0.0500	1.3938
1.2000	-0.7000	0.0500	1.3099
1.2000	-0.6000	0.0500	1.1655
1.2000	-0.5000	0.0500	0.9632
1.2000	-0.4000	0.0500	0.7174
1.2000	-0.3000	0.0500	0.4584
1.2000	-0.2000	0.0500	0.2405
1.2000	-0.1000	0.0500	0.1156
1.2000	-0.0000	0.0500	-0.0030
1.2000	0.1000	0.0500	-0.2710
1.2000	0.2000	0.0500	-0.6700
1.2000	0.3000	0.0500	-0.9998
1.2000	0.4000	0.0500	-1.1250
1.2000	0.5000	0.0500	-1.1267
1.2000	0.6000	0.0500	-1.1677
1.2000	0.7000	0.0500	-1.1735
1.2000	0.8000	0.0500	-1.0210
1.2000	0.9000	0.0500	-0.9911
1.2000	1.0000	0.0500	-0.5255
1.2000	1.1000	0.0500	-0.8228
1.2000	1.2000	0.0500	-0.8881
1.2000	1.3000	0.0500	-0.9485
1.2000	1.4000	0.0500	-0.6546
1.2000	1.5000	0.0500	-0.4199
1.2000	1.6000	0.0500	-0.4616
1.2000	1.7000	0.0500	-0.2415
1.2000	1.8000	0.0500	-0.2757
1.2000	1.9000	0.0500	-0.1571
1.3000	-2.0000	0.0500	0.4299
1.3000	-1.9000	0.0500	0.4636
1.3000	-1.8000	0.0500	0.4831
1.3000	-1.7000	0.0500	0.6114
1.3000	-1.6000	0.0500	0.6641
1.3000	-1.5000	0.0500	0.6405
1.3000	-1.4000	0.0500	0.5195
1.3000	-1.3000	0.0500	0.7892
1.3000	-1.2000	0.0500	0.9851
1.3000	-1.1000	0.0500	1.2557
1.3000	-1.0000	0.0500	1.1769
1.3000	-0.9000	0.0500	1.1537
1.3000	-0.8000	0.0500	1.1082
1.3000	-0.7000	0.0500	1.0142
1.3000	-0.6000	0.0500	0.8667
1.3000	-0.5000	0.0500	0.6837
1.3000	-0.4000	0.0500	0.4759
1.3000	-0.3000	0.0500	0.2678
1.3000	-0.2000	0.0500	0.1305
1.3000	-0.1000	0.0500	0.0759
1.3000	-0.0000	0.0500	-0.0630
1.3000	0.1000	0.0500	-0.3523
1.3000	0.2000	0.0500	-0.6449
1.3000	0.3000	0.0500	-0.8553
1.3000	0.4000	0.0500	-0.9706
1.3000	0.5000	0.0500	-1.0105
1.3000	0.6000	0.0500	-1.0912
1.3000	0.7000	0.0500	-1.2142
1.3000	0.8000	0.0500	-0.8423
1.3000	0.9000	0.0500	-0.9247
1.3000	1.0000	0.0500	-0.6143
1.3000	1.1000	0.0500	-0.6827
1.3000	1.2000	0.0500	-0.7618
1.3000	1.3000	0.0500	-0.7044
1.3000	1.4000	0.0500	-0.5304
1.3000	1.5000	0.0500	-0.3755
1.3000	1.6000	0.0500	-0.3159
1.3000	1.7000	0.0500	-0.2770
1.3000	1.8000	0.0500	-0.2989
1.3000	1.9000	0.0500	-0.1600
1.4000	-2.0000	0.0500	0.3939
1.4000	-1.9000	0.0500	0.4136
1.4000	-1.8000	0.0500	0.4040
1.4000	-1.7000	0.0500	0.5406
1.4000	-1.6000	0.0500	0.5746
1.4000	-1.5000	0.0500	0.5753
1.4000	-1.4000	0.0500	0.4992
1.4000	-1.3000	0.0500	0.7682
1.4000	-1.2000	0.0500	0.8731
1.4000	-1.1000	0.0500	0.9615
1.4000	-1.0000	0.0500	0.9622
1.4000	-0.9000	0.0500	0.9375
1.4000	-0.8000	0.0500	0.8976
1.4000	-0.7000	0.0500	0.8092
1.4000	-0.6000	0.0500	0.6609
1.4000	-0.5000	0.0500	0.4868
1.4000	-0.4000	0.0500	0.3156
1.4000	-0.3000	0.0500	0.1293
1.4000	-0.2000	0.0500	0.0318
1.4000	-0.1000	0.0500	0.1000
1.4000	-0.0000	0.0500	0.0145
1.4000	0.1000	0.0500	-0.3500
1.4000	0.2000	0.0500	-0.5803
1.4000	0.3000	0.0500	-0.6245
1.4000	0.4000	0.0500	-0.8441
1.4000	0.5000	0.0500	-0.8210
1.4000	0.6000	0.0500	-0.7636
1.4000	0.7000	0.0500	-1.2554
1.4000	0.8000	0.0500	-0.7314
1.4000	0.9000	0.0500	-0.5815
1.4000	1.0000	0.0500	-0.3276
1.4000	1.1000	0.0500	-0.7966
1.4000	1.2000	0.0500	-0.7025
1.4000	1.3000	0.0500	-0.6404
1.4000	1.4000	0.0500	-0.5869
1.4000	1.5000	0.0500	-0.3144
1.4000	1.6000	0.0500	-0.2888
1.4000	1.7000	0.0500	-0.2639
1.4000	1.8000	0.0500	-0.2257
1.4000	1.9000	0.0500	-0.1782
1.5000	-2.0000	0.0500	0.3726
1.5000	-1.9000	0.0500	0.3969
1.5000	-1.8000	0.0500	0.4066
1.5000	-1.7000	0.0500	0.4344
1.5000	-1.6000	0.0500	0.4317
1.5000	-1.5000	0.0500	0.5745
1.5000	-1.4000	0.0500	0.5919
1.5000	-1.3000	0.0500	0.6660
1.5000	-1.2000	0.0500	0.7262
1.5000	-1.1000	0.0500	0.7720
1.5000	-1.0000	0.0500	0.8028
1.5000	-0.9000	0.0500	0.7661
1.5000	-0.8000	0.0500	0.7408
1.5000	-0.7000	0.0500	0.6481
1.5000	-0.6000	0.0500	0.5030
1.5000	-0.5000	0.0500	0.3552
1.5000	-0.4000	0.0500	0.2252
1.5000	-0.3000	0.0500	0.0669
1.5000	-0.2000	0.0500	0.0010
1.5000	-0.1000	0.0500	0.0853
1.5000	-0.0000	0.0500	0.0259
1.5000	0.1000	0.0500	-0.3135
1.5000	0.2000	0.0500	-0.5002
1.5000	0.3000	0.0500	-0.4622
1.5000	0.4000	0.0500	-0.6544
1.5000	0.5000	0.0500	-0.6426
1.5000	0.6000	0.0500	-0.5374
1.5000	0.7000	0.0500	-0.9121
1.5000	0.8000	0.0500	-0.7078
1.5000	0.9000	0.0500	-0.5141
1.5000	1.0000	0.0500	-0.2192
1.5000	1.1000	0.0500	-0.7320
1.5000	1.2000	0.0500	-0.6297
1.5000	1.3000	0.0500	-0.5717
1.5000	1.4000	0.0500	-0.5733
1.5000	1.5000	0.0500	-0.3074
1.5000	1.6000	0.0500	-0.2811
1.5000	1.7000	0.0500	-0.2569
1.5000	1.8000	0.0500	-0.2185
1.5000	1.9000	0.0500	-0.1815
1.6000	-2.0000	0.0500	0.3559
1.6000	-1.9000	0.0500	0.3848
1.6000	-1.8000	0.0500	0.3692
1.6000	-1.7000	0.0500	0.3748
1.6000	-1.6000	0.0500	0.3521
1.6000	-1.5000	0.0500	0.5080
1.6000	-1.4000	0.0500	0.5233
1.6000	-1.3000	0.0500	0.5539
1.6000	-1.2000	0.0500	0.5776
1.6000	-1.1000	0.0500	0.5935
1.6000	-1.0000	0.0500	0.6379
1.6000	-0.9000	0.0500	0.6616
1.6000	-0.8000	0.0500	0.6757
1.6000	-0.7000	0.0500	0.5287
1.6000	-0.6000	0.0500	0.3536
1.6000	-0.5000	0.0500	0.2271
1.6000	-0.4000	0.0500	0.1881
1.6000	-0.3000	0.0500	0.0756
1.6000	-0.2000	0.0500	0.0314
1.6000	-0.1000	0.0500	0.0118
1.6000	-0.0000	0.0500	-0.0983
1.6000	0.1000	0.0500	-0.2955
1.6000	0.2000	0.0500	-0.4252
1.6000	0.3000	0.0500	-0.4587
1.6000	0.4000	0.0500	-0.4392
1.6000	0.5000	0.0500	-0.6276
1.6000	0.6000	0.0500	-0.7040
1.6000	0.7000	0.0500	-0.7359
1.6000	0.8000	0.0500	-0.6557
1.6000	0.9000	0.0500	-0.5973
1.6000	1.0000	0.0500	-0.6237
1.6000	1.1000	0.0500	-0.5354
1.6000	1.2000	0.0500	-0.5148
1.6000	1.3000	0.0500	-0.4597
1.6000	1.4000	0.0500	-0.3848
1.6000	1.5000	0.0500	-0.3099
1.6000	1.6000	0.0500	-0.2973
1.6000	1.7000	0.0500	-0.2591
1.6000	1.8000	0.0500	-0.2163
1.6000	1.9000	0.0500	-0.1788
1.7000	-2.0000	0.0500	0.3096
1.7000	-1.9000	0.0500	0.3226
1.7000	-1.8000	0.0500	0.3290
1.7000	-1.7000	0.0500	0.3977
1.7000	-1.6000	0.0500	0.4042
1.7000	-1.5000	0.0500	0.4202
1.7000	-1.4000	0.0500	0.4270
1.7000	-1.3000	0.0500	0.4615
1.7000	-1.2000	0.0500	0.4427
1.7000	-1.1000	0.0500	0.3410
1.7000	-1.0000	0.0500	0.1888
1.7000	-0.9000	0.0500	0.2713
1.7000	-0.8000	0.0500	0.8109
1.7000	-0.7000	0.0500	0.5492
1.7000	-0.6000	0.0500	0.2480
1.7000	-0.5000	0.0500	0.1356
1.7000	-0.4000	0.0500	0.1421
1.7000	-0.3000	0.0500	0.0708
1.7000	-0.2000	0.0500	0.0091
1.7000	-0.1000	0.0500	-0.0583
1.7000	-0.0000	0.0500	-0.1627
1.7000	0.1000	0.0500	-0.2886
1.7000	0.2000	0.0500	-0.3853
1.7000	0.3000	0.0500	-0.4209
1.7000	0.4000	0.0500	-0.3900
1.7000	0.5000	0.0500	-0.6080
1.7000	0.6000	0.0500	-0.6443
1.7000	0.7000	0.0500	-0.6272
1.7000	0.8000	0.0500	-0.5888
1.7000	0.9000	0.0500	-0.5743
1.7000	1.0000	0.0500	-0.6147
1.7000	1.1000	0.0500	-0.4483
1.7000	1.2000	0.0500	-0.4290
1.7000	1.3000	0.0500	-0.3780
1.7000	1.4000	0.0500	-0.2765
1.7000	1.5000	0.0500	-0.1182
1.7000	1.6000	0.0500	-0.3369
1.7000	1.7000	0.0500	-0.2639
1.7000	1.8000	0.0500	-0.2133
1.7000	1.9000	0.0500	-0.1739
1.8000	-2.0000	0.0500	0.2405
1.8000	-1.9000	0.0500	0.1791
1.8000	-1.8000	0.0500	-0.0649
1.8000	-1.7000	0.0500	0.5127
1.8000	-1.6000	0.0500	0.4260
1.8000	-1.5000	0.0500	0.4718
1.8000	-1.4000	0.0500	0.3134
1.8000	-1.3000	0.0500	0.4344
1.8000	-1.2000	0.0500	0.4833
1.8000	-1.1000	0.0500	0.1672
1.8000	-1.0000	0.0500	-0.0070
1.8000	-0.9000	0.0500	0.0417
1.8000	-0.8000	0.0500	0.6907
1.8000	-0.7000	0.0500	0.4981
1.8000	-0.6000	0.0500	0.2008
1.8000	-0.5000	0.0500	0.1184
1.8000	-0.4000	0.0500	0.0869
1.8000	-0.3000	0.0500	0.0331
1.8000	-0.2000	0.0500	-0.0298
1.8000	-0.1000	0.0500	-0.1025
1.8000	-0.0000	0.0500	-0.1897
1.8000	0.1000	0.0500	-0.2814
1.8000	0.2000	0.0500	-0.3589
1.8000	0.3000	0.0500	-0.4115
1.8000	0.4000	0.0500	-0.4472
1.8000	0.5000	0.0500	-0.4729
1.8000	0.6000	0.0500	-0.5784
1.8000	0.7000	0.0500	-0.5465
1.8000	0.8000	0.0500	-0.5176
1.8000	0.9000	0.0500	-0.4944
1.8000	1.0000	0.0500	-0.4624
1.8000	1.1000	0.0500	-0.4133
1.8000	1.2000	0.0500	-0.3791
1.8000	1.3000	0.0500	-0.3302
1.8000	1.4000	0.0500	-0.2317
1.8000	1.5000	0.0500	-0.0462
1.8000	1.6000	0.0500	-0.2991
1.8000	1.7000	0.0500	-0.2507
1.8000	1.8000	0.0500	-0.2039
1.8000	1.9000	0.0500	-0.1667
1.9000	-2.0000	0.0500	0.1929
1.9000	-1.9000	0.0500	0.1205
1.9000	-1.8000	0.0500	-0.2004
1.9000	-1.7000	0.0500	0.4352
1.9000	-1.6000	0.0500	0.3782
1.9000	-1.5000	0.0500	0.4051
1.9000	-1.4000	0.0500	0.1391
1.9000	-1.3000	0.0500	0.4675
1.9000	-1.2000	0.0500	0.4968
1.9000	-1.1000	0.0500	0.2169
1.9000	-1.0000	0.0500	0.2412
1.9000	-0.9000	0.0500	0.3223
1.9000	-0.8000	0.0500	0.3855
1.9000	-0.7000	0.0500	0.2873
1.9000	-0.6000	0.0500	0.1563
1.9000	-0.5000	0.0500	0.0883
1.9000	-0.4000	0.0500	0.0457
1.9000	-0.3000	0.0500	-0.0040
1.9000	-0.2000	0.0500	-0.0623
1.9000	-0.1000	0.0500	-0.1280
1.9000	-0.0000	0.0500	-0.1994
1.9000	0.1000	0.0500	-0.2705
1.9000	0.2000	0.0500	-0.3334
1.9000	0.3000	0.0500	-0.3833
1.9000	0.4000	0.0500	-0.4114
1.9000	0.5000	0.0500	-0.3805
1.9000	0.6000	0.0500	-0.4954
1.9000	0.7000	0.0500	-0.4763
1.9000	0.8000	0.0500	-0.4535
1.9000	0.9000	0.0500	-0.4316
1.9000	1.0000	0.0500	-0.4048
1.9000	1.1000	0.0500	-0.3741
1.9000	1.2000	0.0500	-0.3422
1.9000	1.3000	0.0500	-0.3044
1.9000	1.4000	0.0500	-0.2590
1.9000	1.5000	0.0500	-0.2331
1.9000	1.6000	0.0500	-0.2456
1.9000	1.7000	0.0500	-0.2215
1.9000	1.8000	0.0500	-0.1878
1.9000	1.9000	0.0500	-0.1572
