-2.0000	-2.0000	0.0500	0.0539
-2.0000	-1.9000	0.0500	0.0566
-2.0000	-1.8000	0.0500	0.0558
-2.0000	-1.7000	0.0500	0.0614
-2.0000	-1.6000	0.0500	0.0729
-2.0000	-1.5000	0.0500	0.0801
-2.0000	-1.4000	0.0500	0.0882
-2.0000	-1.3000	0.0500	0.0992
-2.0000	-1.2000	0.0500	0.1117
-2.0000	-1.1000	0.0500	0.1246
-2.0000	-1.0000	0.0500	0.1381
-2.0000	-0.9000	0.0500	0.1530
-2.0000	-0.8000	0.0500	0.1656
-2.0000	-0.7000	0.0500	0.1787
-2.0000	-0.6000	0.0500	0.1973
-2.0000	-0.5000	0.0500	0.2145
-2.0000	-0.4000	0.0500	0.2286
-2.0000	-0.3000	0.0500	0.2413
-2.0000	-0.2000	0.0500	0.2516
-2.0000	-0.1000	0.0500	0.2585
-2.0000	-0.0000	0.0500	0.2612
-2.0000	0.1000	0.0500	0.2593
-2.0000	0.2000	0.0500	0.2535
-2.0000	0.3000	0.0500	0.2460
-2.0000	0.4000	0.0500	0.2332
-2.0000	0.5000	0.0500	0.2161
-2.0000	0.6000	0.0500	0.1998
-2.0000	0.7000	0.0500	0.1837
-2.0000	0.8000	0.0500	0.1682
-2.0000	0.9000	0.0500	0.1534
-2.0000	1.0000	0.0500	0.1396
-2.0000	1.1000	0.0500	0.1269
-2.0000	1.2000	0.0500	0.1153
-2.0000	1.3000	0.0500	0.1047
-2.0000	1.4000	0.0500	0.0949
-2.0000	1.5000	0.0500	0.0865
-2.0000	1.6000	0.0500	0.0792
-2.0000	1.7000	0.0500	0.0725
-2.0000	1.8000	0.0500	0.0664
-2.0000	1.9000	0.0500	0.0610
-1.9000	-2.0000	0.0500	0.0576
-1.9000	-1.9000	0.0500	0.0615
-1.9000	-1.8000	0.0500	0.0636
-1.9000	-1.7000	0.0500	0.0693
-1.9000	-1.6000	0.0500	0.0776
-1.9000	-1.5000	0.0500	0.0793
-1.9000	-1.4000	0.0500	0.0870
-1.9000	-1.3000	0.0500	0.1050
-1.9000	-1.2000	0.0500	0.1219
-1.9000	-1.1000	0.0500	0.1377
-1.9000	-1.0000	0.0500	0.1535
-1.9000	-0.9000	0.0500	0.1690
-1.9000	-0.8000	0.0500	0.1759
-1.9000	-0.7000	0.0500	0.1913
-1.9000	-0.6000	0.0500	0.2227
-1.9000	-0.5000	0.0500	0.2489
-1.9000	-0.4000	0.0500	0.2693
-1.9000	-0.3000	0.0500	0.2870
-1.9000	-0.2000	0.0500	0.3013
-1.9000	-0.1000	0.0500	0.3116
-1.9000	-0.0000	0.0500	0.3156
-1.9000	0.1000	0.0500	0.3121
-1.9000	0.2000	0.0500	0.3031
-1.9000	0.3000	0.0500	0.2905
-1.9000	0.4000	0.0500	0.2732
-1.9000	0.5000	0.0500	0.2523
-1.9000	0.6000	0.0500	0.2315
-1.9000	0.7000	0.0500	0.2110
-1.9000	0.8000	0.0500	0.1915
-1.9000	0.9000	0.0500	0.1731
-1.9000	1.0000	0.0500	0.1560
-1.9000	1.1000	0.0500	0.1406
-1.9000	1.2000	0.0500	0.1267
-1.9000	1.3000	0.0500	0.1142
-1.9000	1.4000	0.0500	0.1016
-1.9000	1.5000	0.0500	0.0919
-1.9000	1.6000	0.0500	0.0850
-1.9000	1.7000	0.0500	0.0777
-1.9000	1.8000	0.0500	0.0710
-1.9000	1.9000	0.0500	0.0650
-1.8000	-2.0000	0.0500	0.0614
-1.8000	-1.9000	0.0500	0.0665
-1.8000	-1.8000	0.0500	0.0716
-1.8000	-1.7000	0.0500	0.0775
-1.8000	-1.6000	0.0500	0.0835
-1.8000	-1.5000	0.0500	0.0851
-1.8000	-1.4000	0.0500	0.0946
-1.8000	-1.3000	0.0500	0.1152
-1.8000	-1.2000	0.0500	0.1343
-1.8000	-1.1000	0.0500	0.1526
-1.8000	-1.0000	0.0500	0.1713
-1.8000	-0.9000	0.0500	0.1895
-1.8000	-0.8000	0.0500	0.2007
-1.8000	-0.7000	0.0500	0.2219
-1.8000	-0.6000	0.0500	0.2586
-1.8000	-0.5000	0.0500	0.2913
-1.8000	-0.4000	0.0500	0.3189
-1.8000	-0.3000	0.0500	0.3431
-1.8000	-0.2000	0.0500	0.3628
-1.8000	-0.1000	0.0500	0.3767
-1.8000	-0.0000	0.0500	0.3820
-1.8000	0.1000	0.0500	0.3773
-1.8000	0.2000	0.0500	0.3645
-1.8000	0.3000	0.0500	0.3455
-1.8000	0.4000	0.0500	0.3219
-1.8000	0.5000	0.0500	0.2955
-1.8000	0.6000	0.0500	0.2686
-1.8000	0.7000	0.0500	0.2425
-1.8000	0.8000	0.0500	0.2184
-1.8000	0.9000	0.0500	0.1953
-1.8000	1.0000	0.0500	0.1736
-1.8000	1.1000	0.0500	0.1548
-1.8000	1.2000	0.0500	0.1388
-1.8000	1.3000	0.0500	0.1245
-1.8000	1.4000	0.0500	0.1104
-1.8000	1.5000	0.0500	0.0992
-1.8000	1.6000	0.0500	0.0912
-1.8000	1.7000	0.0500	0.0832
-1.8000	1.8000	0.0500	0.0758
-1.8000	1.9000	0.0500	0.0691
-1.7000	-2.0000	0.0500	0.0652
-1.7000	-1.9000	0.0500	0.0711
-1.7000	-1.8000	0.0500	0.0774
-1.7000	-1.7000	0.0500	0.0843
-1.7000	-1.6000	0.0500	0.0921
-1.7000	-1.5000	0.0500	0.1006
-1.7000	-1.4000	0.0500	0.1130
-1.7000	-1.3000	0.0500	0.1302
-1.7000	-1.2000	0.0500	0.1491
-1.7000	-1.1000	0.0500	0.1694
-1.7000	-1.0000	0.0500	0.1916
-1.7000	-0.9000	0.0500	0.2154
-1.7000	-0.8000	0.0500	0.2409
-1.7000	-0.7000	0.0500	0.2710
-1.7000	-0.6000	0.0500	0.3063
-1.7000	-0.5000	0.0500	0.3430
-1.7000	-0.4000	0.0500	0.3787
-1.7000	-0.3000	0.0500	0.4116
-1.7000	-0.2000	0.0500	0.4387
-1.7000	-0.1000	0.0500	0.4570
-1.7000	-0.0000	0.0500	0.4639
-1.7000	0.1000	0.0500	0.4580
-1.7000	0.2000	0.0500	0.4406
-1.7000	0.3000	0.0500	0.4142
-1.7000	0.4000	0.0500	0.3818
-1.7000	0.5000	0.0500	0.3467
-1.7000	0.6000	0.0500	0.3115
-1.7000	0.7000	0.0500	0.2779
-1.7000	0.8000	0.0500	0.2474
-1.7000	0.9000	0.0500	0.2188
-1.7000	1.0000	0.0500	0.1910
-1.7000	1.1000	0.0500	0.1677
-1.7000	1.2000	0.0500	0.1504
-1.7000	1.3000	0.0500	0.1355
-1.7000	1.4000	0.0500	0.1212
-1.7000	1.5000	0.0500	0.1086
-1.7000	1.6000	0.0500	0.0980
-1.7000	1.7000	0.0500	0.0889
-1.7000	1.8000	0.0500	0.0806
-1.7000	1.9000	0.0500	0.0734
-1.6000	-2.0000	0.0500	0.0691
-1.6000	-1.9000	0.0500	0.0756
-1.6000	-1.8000	0.0500	0.0826
-1.6000	-1.7000	0.0500	0.0910
-1.6000	-1.6000	0.0500	0.1014
-1.6000	-1.5000	0.0500	0.1133
-1.6000	-1.4000	0.0500	0.1274
-1.6000	-1.3000	0.0500	0.1445
-1.6000	-1.2000	0.0500	0.1644
-1.6000	-1.1000	0.0500	0.1874
-1.6000	-1.0000	0.0500	0.2139
-1.6000	-0.9000	0.0500	0.2434
-1.6000	-0.8000	0.0500	0.2764
-1.6000	-0.7000	0.0500	0.3143
-1.6000	-0.6000	0.0500	0.3567
-1.6000	-0.5000	0.0500	0.4019
-1.6000	-0.4000	0.0500	0.4488
-1.6000	-0.3000	0.0500	0.4939
-1.6000	-0.2000	0.0500	0.5317
-1.6000	-0.1000	0.0500	0.5573
-1.6000	-0.0000	0.0500	0.5667
-1.6000	0.1000	0.0500	0.5585
-1.6000	0.2000	0.0500	0.5342
-1.6000	0.3000	0.0500	0.4975
-1.6000	0.4000	0.0500	0.4533
-1.6000	0.5000	0.0500	0.4063
-1.6000	0.6000	0.0500	0.3603
-1.6000	0.7000	0.0500	0.3175
-1.6000	0.8000	0.0500	0.2788
-1.6000	0.9000	0.0500	0.2437
-1.6000	1.0000	0.0500	0.2114
-1.6000	1.1000	0.0500	0.1846
-1.6000	1.2000	0.0500	0.1643
-1.6000	1.3000	0.0500	0.1471
-1.6000	1.4000	0.0500	0.1310
-1.6000	1.5000	0.0500	0.1171
-1.6000	1.6000	0.0500	0.1051
-1.6000	1.7000	0.0500	0.0947
-1.6000	1.8000	0.0500	0.0856
-1.6000	1.9000	0.0500	0.0779
-1.5000	-2.0000	0.0500	0.0731
-1.5000	-1.9000	0.0500	0.0803
-1.5000	-1.8000	0.0500	0.0881
-1.5000	-1.7000	0.0500	0.0977
-1.5000	-1.6000	0.0500	0.1096
-1.5000	-1.5000	0.0500	0.1230
-1.5000	-1.4000	0.0500	0.1388
-1.5000	-1.3000	0.0500	0.1575
-1.5000	-1.2000	0.0500	0.1795
-1.5000	-1.1000	0.0500	0.2061
-1.5000	-1.0000	0.0500	0.2396
-1.5000	-0.9000	0.0500	0.2748
-1.5000	-0.8000	0.0500	0.3124
-1.5000	-0.7000	0.0500	0.3587
-1.5000	-0.6000	0.0500	0.4109
-1.5000	-0.5000	0.0500	0.4653
-1.5000	-0.4000	0.0500	0.5265
-1.5000	-0.3000	0.0500	0.5904
-1.5000	-0.2000	0.0500	0.6434
-1.5000	-0.1000	0.0500	0.6795
-1.5000	-0.0000	0.0500	0.6927
-1.5000	0.1000	0.0500	0.6810
-1.5000	0.2000	0.0500	0.6470
-1.5000	0.3000	0.0500	0.5964
-1.5000	0.4000	0.0500	0.5362
-1.5000	0.5000	0.0500	0.4736
-1.5000	0.6000	0.0500	0.4142
-1.5000	0.7000	0.0500	0.3607
-1.5000	0.8000	0.0500	0.3139
-1.5000	0.9000	0.0500	0.2721
-1.5000	1.0000	0.0500	0.2356
-1.5000	1.1000	0.0500	0.2054
-1.5000	1.2000	0.0500	0.1802
-1.5000	1.3000	0.0500	0.1590
-1.5000	1.4000	0.0500	0.1407
-1.5000	1.5000	0.0500	0.1251
-1.5000	1.6000	0.0500	0.1118
-1.5000	1.7000	0.0500	0.1004
-1.5000	1.8000	0.0500	0.0907
-1.5000	1.9000	0.0500	0.0832
-1.4000	-2.0000	0.0500	0.0777
-1.4000	-1.9000	0.0500	0.0854
-1.4000	-1.8000	0.0500	0.0941
-1.4000	-1.7000	0.0500	0.1045
-1.4000	-1.6000	0.0500	0.1170
-1.4000	-1.5000	0.0500	0.1317
-1.4000	-1.4000	0.0500	0.1491
-1.4000	-1.3000	0.0500	0.1697
-1.4000	-1.2000	0.0500	0.1942
-1.4000	-1.1000	0.0500	0.2240
-1.4000	-1.0000	0.0500	0.2620
-1.4000	-0.9000	0.0500	0.3032
-1.4000	-0.8000	0.0500	0.3487
-1.4000	-0.7000	0.0500	0.4050
-1.4000	-0.6000	0.0500	0.4692
-1.4000	-0.5000	0.0500	0.5381
-1.4000	-0.4000	0.0500	0.6169
-1.4000	-0.3000	0.0500	0.7008
-1.4000	-0.2000	0.0500	0.7736
-1.4000	-0.1000	0.0500	0.8242
-1.4000	-0.0000	0.0500	0.8417
-1.4000	0.1000	0.0500	0.8242
-1.4000	0.2000	0.0500	0.7784
-1.4000	0.3000	0.0500	0.7113
-1.4000	0.4000	0.0500	0.6296
-1.4000	0.5000	0.0500	0.5465
-1.4000	0.6000	0.0500	0.4714
-1.4000	0.7000	0.0500	0.4062
-1.4000	0.8000	0.0500	0.3537
-1.4000	0.9000	0.0500	0.3050
-1.4000	1.0000	0.0500	0.2593
-1.4000	1.1000	0.0500	0.2239
-1.4000	1.2000	0.0500	0.1950
-1.4000	1.3000	0.0500	0.1708
-1.4000	1.4000	0.0500	0.1503
-1.4000	1.5000	0.0500	0.1330
-1.4000	1.6000	0.0500	0.1184
-1.4000	1.7000	0.0500	0.1059
-1.4000	1.8000	0.0500	0.0954
-1.4000	1.9000	0.0500	0.0873
-1.3000	-2.0000	0.0500	0.0845
-1.3000	-1.9000	0.0500	0.0919
-1.3000	-1.8000	0.0500	0.0999
-1.3000	-1.7000	0.0500	0.1103
-1.3000	-1.6000	0.0500	0.1237
-1.3000	-1.5000	0.0500	0.1397
-1.3000	-1.4000	0.0500	0.1586
-1.3000	-1.3000	0.0500	0.1812
-1.3000	-1.2000	0.0500	0.2082
-1.3000	-1.1000	0.0500	0.2410
-1.3000	-1.0000	0.0500	0.2808
-1.3000	-0.9000	0.0500	0.3279
-1.3000	-0.8000	0.0500	0.3839
-1.3000	-0.7000	0.0500	0.4509
-1.3000	-0.6000	0.0500	0.5286
-1.3000	-0.5000	0.0500	0.6163
-1.3000	-0.4000	0.0500	0.7147
-1.3000	-0.3000	0.0500	0.8189
-1.3000	-0.2000	0.0500	0.9188
-1.3000	-0.1000	0.0500	0.9912
-1.3000	-0.0000	0.0500	1.0100
-1.3000	0.1000	0.0500	0.9799
-1.3000	0.2000	0.0500	0.9164
-1.3000	0.3000	0.0500	0.8273
-1.3000	0.4000	0.0500	0.7234
-1.3000	0.5000	0.0500	0.6202
-1.3000	0.6000	0.0500	0.5285
-1.3000	0.7000	0.0500	0.4504
-1.3000	0.8000	0.0500	0.3882
-1.3000	0.9000	0.0500	0.3322
-1.3000	1.0000	0.0500	0.2809
-1.3000	1.1000	0.0500	0.2412
-1.3000	1.2000	0.0500	0.2089
-1.3000	1.3000	0.0500	0.1821
-1.3000	1.4000	0.0500	0.1597
-1.3000	1.5000	0.0500	0.1407
-1.3000	1.6000	0.0500	0.1246
-1.3000	1.7000	0.0500	0.1111
-1.3000	1.8000	0.0500	0.0998
-1.3000	1.9000	0.0500	0.0902
-1.2000	-2.0000	0.0500	0.0876
-1.2000	-1.9000	0.0500	0.0954
-1.2000	-1.8000	0.0500	0.1038
-1.2000	-1.7000	0.0500	0.1151
-1.2000	-1.6000	0.0500	0.1296
-1.2000	-1.5000	0.0500	0.1466
-1.2000	-1.4000	0.0500	0.1671
-1.2000	-1.3000	0.0500	0.1919
-1.2000	-1.2000	0.0500	0.2215
-1.2000	-1.1000	0.0500	0.2577
-1.2000	-1.0000	0.0500	0.3023
-1.2000	-0.9000	0.0500	0.3547
-1.2000	-0.8000	0.0500	0.4165
-1.2000	-0.7000	0.0500	0.4919
-1.2000	-0.6000	0.0500	0.5814
-1.2000	-0.5000	0.0500	0.6853
-1.2000	-0.4000	0.0500	0.8036
-1.2000	-0.3000	0.0500	0.9304
-1.2000	-0.2000	0.0500	1.0530
-1.2000	-0.1000	0.0500	1.1426
-1.2000	-0.0000	0.0500	1.1675
-1.2000	0.1000	0.0500	1.1298
-1.2000	0.2000	0.0500	1.0451
-1.2000	0.3000	0.0500	0.9316
-1.2000	0.4000	0.0500	0.8086
-1.2000	0.5000	0.0500	0.6885
-1.2000	0.6000	0.0500	0.5817
-1.2000	0.7000	0.0500	0.4910
-1.2000	0.8000	0.0500	0.4158
-1.2000	0.9000	0.0500	0.3529
-1.2000	1.0000	0.0500	0.3002
-1.2000	1.1000	0.0500	0.2571
-1.2000	1.2000	0.0500	0.2218
-1.2000	1.3000	0.0500	0.1927
-1.2000	1.4000	0.0500	0.1684
-1.2000	1.5000	0.0500	0.1478
-1.2000	1.6000	0.0500	0.1295
-1.2000	1.7000	0.0500	0.1151
-1.2000	1.8000	0.0500	0.1040
-1.2000	1.9000	0.0500	0.0938
-1.1000	-2.0000	0.0500	0.0869
-1.1000	-1.9000	0.0500	0.0952
-1.1000	-1.8000	0.0500	0.1045
-1.1000	-1.7000	0.0500	0.1177
-1.1000	-1.6000	0.0500	0.1346
-1.1000	-1.5000	0.0500	0.1532
-1.1000	-1.4000	0.0500	0.1752
-1.1000	-1.3000	0.0500	0.2018
-1.1000	-1.2000	0.0500	0.2336
-1.1000	-1.1000	0.0500	0.2737
-1.1000	-1.0000	0.0500	0.3292
-1.1000	-0.9000	0.0500	0.3857
-1.1000	-0.8000	0.0500	0.4446
-1.1000	-0.7000	0.0500	0.5247
-1.1000	-0.6000	0.0500	0.6231
-1.1000	-0.5000	0.0500	0.7403
-1.1000	-0.4000	0.0500	0.8754
-1.1000	-0.3000	0.0500	1.0201
-1.1000	-0.2000	0.0500	1.1560
-1.1000	-0.1000	0.0500	1.2546
-1.1000	-0.0000	0.0500	1.2891
-1.1000	0.1000	0.0500	1.2514
-1.1000	0.2000	0.0500	1.1527
-1.1000	0.3000	0.0500	1.0206
-1.1000	0.4000	0.0500	0.8800
-1.1000	0.5000	0.0500	0.7452
-1.1000	0.6000	0.0500	0.6272
-1.1000	0.7000	0.0500	0.5275
-1.1000	0.8000	0.0500	0.4439
-1.1000	0.9000	0.0500	0.3746
-1.1000	1.0000	0.0500	0.3177
-1.1000	1.1000	0.0500	0.2712
-1.1000	1.2000	0.0500	0.2334
-1.1000	1.3000	0.0500	0.2024
-1.1000	1.4000	0.0500	0.1764
-1.1000	1.5000	0.0500	0.1545
-1.1000	1.6000	0.0500	0.1353
-1.1000	1.7000	0.0500	0.1201
-1.1000	1.8000	0.0500	0.1085
-1.1000	1.9000	0.0500	0.0982
-1.0000	-2.0000	0.0500	0.0881
-1.0000	-1.9000	0.0500	0.0946
-1.0000	-1.8000	0.0500	0.0984
-1.0000	-1.7000	0.0500	0.1138
-1.0000	-1.6000	0.0500	0.1384
-1.0000	-1.5000	0.0500	0.1596
-1.0000	-1.4000	0.0500	0.1829
-1.0000	-1.3000	0.0500	0.2105
-1.0000	-1.2000	0.0500	0.2440
-1.0000	-1.1000	0.0500	0.2860
-1.0000	-1.0000	0.0500	0.3437
-1.0000	-0.9000	0.0500	0.4027
-1.0000	-0.8000	0.0500	0.4645
-1.0000	-0.7000	0.0500	0.5486
-1.0000	-0.6000	0.0500	0.6530
-1.0000	-0.5000	0.0500	0.7780
-1.0000	-0.4000	0.0500	0.9218
-1.0000	-0.3000	0.0500	1.0759
-1.0000	-0.2000	0.0500	1.2200
-1.0000	-0.1000	0.0500	1.3246
-1.0000	-0.0000	0.0500	1.3624
-1.0000	0.1000	0.0500	1.3229
-1.0000	0.2000	0.0500	1.2190
-1.0000	0.3000	0.0500	1.0778
-1.0000	0.4000	0.0500	0.9265
-1.0000	0.5000	0.0500	0.7845
-1.0000	0.6000	0.0500	0.6640
-1.0000	0.7000	0.0500	0.5602
-1.0000	0.8000	0.0500	0.4686
-1.0000	0.9000	0.0500	0.3935
-1.0000	1.0000	0.0500	0.3324
-1.0000	1.1000	0.0500	0.2823
-1.0000	1.2000	0.0500	0.2427
-1.0000	1.3000	0.0500	0.2112
-1.0000	1.4000	0.0500	0.1841
-1.0000	1.5000	0.0500	0.1613
-1.0000	1.6000	0.0500	0.1421
-1.0000	1.7000	0.0500	0.1261
-1.0000	1.8000	0.0500	0.1132
-1.0000	1.9000	0.0500	0.1042
-0.9000	-2.0000	0.0500	0.0904
-0.9000	-1.9000	0.0500	0.0974
-0.9000	-1.8000	0.0500	0.1018
-0.9000	-1.7000	0.0500	0.1179
-0.9000	-1.6000	0.0500	0.1433
-0.9000	-1.5000	0.0500	0.1653
-0.9000	-1.4000	0.0500	0.1888
-0.9000	-1.3000	0.0500	0.2174
-0.9000	-1.2000	0.0500	0.2526
-0.9000	-1.1000	0.0500	0.2947
-0.9000	-1.0000	0.0500	0.3459
-0.9000	-0.9000	0.0500	0.4058
-0.9000	-0.8000	0.0500	0.4765
-0.9000	-0.7000	0.0500	0.5637
-0.9000	-0.6000	0.0500	0.6711
-0.9000	-0.5000	0.0500	0.7970
-0.9000	-0.4000	0.0500	0.9391
-0.9000	-0.3000	0.0500	1.0912
-0.9000	-0.2000	0.0500	1.2332
-0.9000	-0.1000	0.0500	1.3350
-0.9000	-0.0000	0.0500	1.3706
-0.9000	0.1000	0.0500	1.3321
-0.9000	0.2000	0.0500	1.2309
-0.9000	0.3000	0.0500	1.0925
-0.9000	0.4000	0.0500	0.9431
-0.9000	0.5000	0.0500	0.8025
-0.9000	0.6000	0.0500	0.6838
-0.9000	0.7000	0.0500	0.5817
-0.9000	0.8000	0.0500	0.4872
-0.9000	0.9000	0.0500	0.4073
-0.9000	1.0000	0.0500	0.3441
-0.9000	1.1000	0.0500	0.2926
-0.9000	1.2000	0.0500	0.2517
-0.9000	1.3000	0.0500	0.2191
-0.9000	1.4000	0.0500	0.1915
-0.9000	1.5000	0.0500	0.1683
-0.9000	1.6000	0.0500	0.1483
-0.9000	1.7000	0.0500	0.1311
-0.9000	1.8000	0.0500	0.1170
-0.9000	1.9000	0.0500	0.1073
-0.8000	-2.0000	0.0500	0.0932
-0.8000	-1.9000	0.0500	0.1031
-0.8000	-1.8000	0.0500	0.1144
-0.8000	-1.7000	0.0500	0.1297
-0.8000	-1.6000	0.0500	0.1491
-0.8000	-1.5000	0.0500	0.1707
-0.8000	-1.4000	0.0500	0.1946
-0.8000	-1.3000	0.0500	0.2240
-0.8000	-1.2000	0.0500	0.2602
-0.8000	-1.1000	0.0500	0.3027
-0.8000	-1.0000	0.0500	0.3532
-0.8000	-0.9000	0.0500	0.4130
-0.8000	-0.8000	0.0500	0.4846
-0.8000	-0.7000	0.0500	0.5705
-0.8000	-0.6000	0.0500	0.6753
-0.8000	-0.5000	0.0500	0.7966
-0.8000	-0.4000	0.0500	0.9300
-0.8000	-0.3000	0.0500	1.0702
-0.8000	-0.2000	0.0500	1.1990
-0.8000	-0.1000	0.0500	1.2900
-0.8000	-0.0000	0.0500	1.3213
-0.8000	0.1000	0.0500	1.2868
-0.8000	0.2000	0.0500	1.1962
-0.8000	0.3000	0.0500	1.0709
-0.8000	0.4000	0.0500	0.9327
-0.8000	0.5000	0.0500	0.8003
-0.8000	0.6000	0.0500	0.6843
-0.8000	0.7000	0.0500	0.5844
-0.8000	0.8000	0.0500	0.4942
-0.8000	0.9000	0.0500	0.4149
-0.8000	1.0000	0.0500	0.3521
-0.8000	1.1000	0.0500	0.3021
-0.8000	1.2000	0.0500	0.2605
-0.8000	1.3000	0.0500	0.2263
-0.8000	1.4000	0.0500	0.1984
-0.8000	1.5000	0.0500	0.1762
-0.8000	1.6000	0.0500	0.1553
-0.8000	1.7000	0.0500	0.1354
-0.8000	1.8000	0.0500	0.1200
-0.8000	1.9000	0.0500	0.1076
-0.7000	-2.0000	0.0500	0.0956
-0.7000	-1.9000	0.0500	0.1062
-0.7000	-1.8000	0.0500	0.1184
-0.7000	-1.7000	0.0500	0.1342
-0.7000	-1.6000	0.0500	0.1536
-0.7000	-1.5000	0.0500	0.1755
-0.7000	-1.4000	0.0500	0.2006
-0.7000	-1.3000	0.0500	0.2307
-0.7000	-1.2000	0.0500	0.2670
-0.7000	-1.1000	0.0500	0.3113
-0.7000	-1.0000	0.0500	0.3625
-0.7000	-0.9000	0.0500	0.4207
-0.7000	-0.8000	0.0500	0.4900
-0.7000	-0.7000	0.0500	0.5726
-0.7000	-0.6000	0.0500	0.6705
-0.7000	-0.5000	0.0500	0.7827
-0.7000	-0.4000	0.0500	0.9043
-0.7000	-0.3000	0.0500	1.0273
-0.7000	-0.2000	0.0500	1.1367
-0.7000	-0.1000	0.0500	1.2134
-0.7000	-0.0000	0.0500	1.2406
-0.7000	0.1000	0.0500	1.2122
-0.7000	0.2000	0.0500	1.1360
-0.7000	0.3000	0.0500	1.0275
-0.7000	0.4000	0.0500	0.9027
-0.7000	0.5000	0.0500	0.7833
-0.7000	0.6000	0.0500	0.6768
-0.7000	0.7000	0.0500	0.5800
-0.7000	0.8000	0.0500	0.4956
-0.7000	0.9000	0.0500	0.4211
-0.7000	1.0000	0.0500	0.3589
-0.7000	1.1000	0.0500	0.3091
-0.7000	1.2000	0.0500	0.2671
-0.7000	1.3000	0.0500	0.2323
-0.7000	1.4000	0.0500	0.2050
-0.7000	1.5000	0.0500	0.1822
-0.7000	1.6000	0.0500	0.1594
-0.7000	1.7000	0.0500	0.1387
-0.7000	1.8000	0.0500	0.1226
-0.7000	1.9000	0.0500	0.1093
-0.6000	-2.0000	0.0500	0.0975
-0.6000	-1.9000	0.0500	0.1071
-0.6000	-1.8000	0.0500	0.1165
-0.6000	-1.7000	0.0500	0.1335
-0.6000	-1.6000	0.0500	0.1567
-0.6000	-1.5000	0.0500	0.1796
-0.6000	-1.4000	0.0500	0.2055
-0.6000	-1.3000	0.0500	0.2360
-0.6000	-1.2000	0.0500	0.2725
-0.6000	-1.1000	0.0500	0.3177
-0.6000	-1.0000	0.0500	0.3735
-0.6000	-0.9000	0.0500	0.4309
-0.6000	-0.8000	0.0500	0.4940
-0.6000	-0.7000	0.0500	0.5731
-0.6000	-0.6000	0.0500	0.6651
-0.6000	-0.5000	0.0500	0.7671
-0.6000	-0.4000	0.0500	0.8745
-0.6000	-0.3000	0.0500	0.9801
-0.6000	-0.2000	0.0500	1.0717
-0.6000	-0.1000	0.0500	1.1349
-0.6000	-0.0000	0.0500	1.1578
-0.6000	0.1000	0.0500	1.1360
-0.6000	0.2000	0.0500	1.0734
-0.6000	0.3000	0.0500	0.9788
-0.6000	0.4000	0.0500	0.8693
-0.6000	0.5000	0.0500	0.7650
-0.6000	0.6000	0.0500	0.6683
-0.6000	0.7000	0.0500	0.5780
-0.6000	0.8000	0.0500	0.4978
-0.6000	0.9000	0.0500	0.4266
-0.6000	1.0000	0.0500	0.3655
-0.6000	1.1000	0.0500	0.3148
-0.6000	1.2000	0.0500	0.2722
-0.6000	1.3000	0.0500	0.2368
-0.6000	1.4000	0.0500	0.2086
-0.6000	1.5000	0.0500	0.1836
-0.6000	1.6000	0.0500	0.1603
-0.6000	1.7000	0.0500	0.1410
-0.6000	1.8000	0.0500	0.1248
-0.6000	1.9000	0.0500	0.1113
-0.5000	-2.0000	0.0500	0.0994
-0.5000	-1.9000	0.0500	0.1097
-0.5000	-1.8000	0.0500	0.1196
-0.5000	-1.7000	0.0500	0.1368
-0.5000	-1.6000	0.0500	0.1603
-0.5000	-1.5000	0.0500	0.1834
-0.5000	-1.4000	0.0500	0.2094
-0.5000	-1.3000	0.0500	0.2400
-0.5000	-1.2000	0.0500	0.2765
-0.5000	-1.1000	0.0500	0.3205
-0.5000	-1.0000	0.0500	0.3760
-0.5000	-0.9000	0.0500	0.4340
-0.5000	-0.8000	0.0500	0.4958
-0.5000	-0.7000	0.0500	0.5728
-0.5000	-0.6000	0.0500	0.6627
-0.5000	-0.5000	0.0500	0.7565
-0.5000	-0.4000	0.0500	0.8498
-0.5000	-0.3000	0.0500	0.9415
-0.5000	-0.2000	0.0500	1.0198
-0.5000	-0.1000	0.0500	1.0733
-0.5000	-0.0000	0.0500	1.0931
-0.5000	0.1000	0.0500	1.0759
-0.5000	0.2000	0.0500	1.0252
-0.5000	0.3000	0.0500	0.9438
-0.5000	0.4000	0.0500	0.8478
-0.5000	0.5000	0.0500	0.7532
-0.5000	0.6000	0.0500	0.6614
-0.5000	0.7000	0.0500	0.5763
-0.5000	0.8000	0.0500	0.4988
-0.5000	0.9000	0.0500	0.4297
-0.5000	1.0000	0.0500	0.3704
-0.5000	1.1000	0.0500	0.3195
-0.5000	1.2000	0.0500	0.2763
-0.5000	1.3000	0.0500	0.2400
-0.5000	1.4000	0.0500	0.2098
-0.5000	1.5000	0.0500	0.1841
-0.5000	1.6000	0.0500	0.1618
-0.5000	1.7000	0.0500	0.1429
-0.5000	1.8000	0.0500	0.1268
-0.5000	1.9000	0.0500	0.1136
-0.4000	-2.0000	0.0500	0.1017
-0.4000	-1.9000	0.0500	0.1148
-0.4000	-1.8000	0.0500	0.1294
-0.4000	-1.7000	0.0500	0.1451
-0.4000	-1.6000	0.0500	0.1650
-0.4000	-1.5000	0.0500	0.1877
-0.4000	-1.4000	0.0500	0.2127
-0.4000	-1.3000	0.0500	0.2432
-0.4000	-1.2000	0.0500	0.2796
-0.4000	-1.1000	0.0500	0.3225
-0.4000	-1.0000	0.0500	0.3731
-0.4000	-0.9000	0.0500	0.4306
-0.4000	-0.8000	0.0500	0.4962
-0.4000	-0.7000	0.0500	0.5724
-0.4000	-0.6000	0.0500	0.6598
-0.4000	-0.5000	0.0500	0.7482
-0.4000	-0.4000	0.0500	0.8336
-0.4000	-0.3000	0.0500	0.9170
-0.4000	-0.2000	0.0500	0.9877
-0.4000	-0.1000	0.0500	1.0359
-0.4000	-0.0000	0.0500	1.0540
-0.4000	0.1000	0.0500	1.0393
-0.4000	0.2000	0.0500	0.9949
-0.4000	0.3000	0.0500	0.9237
-0.4000	0.4000	0.0500	0.8359
-0.4000	0.5000	0.0500	0.7454
-0.4000	0.6000	0.0500	0.6582
-0.4000	0.7000	0.0500	0.5764
-0.4000	0.8000	0.0500	0.5005
-0.4000	0.9000	0.0500	0.4341
-0.4000	1.0000	0.0500	0.3756
-0.4000	1.1000	0.0500	0.3234
-0.4000	1.2000	0.0500	0.2791
-0.4000	1.3000	0.0500	0.2423
-0.4000	1.4000	0.0500	0.2115
-0.4000	1.5000	0.0500	0.1856
-0.4000	1.6000	0.0500	0.1634
-0.4000	1.7000	0.0500	0.1444
-0.4000	1.8000	0.0500	0.1283
-0.4000	1.9000	0.0500	0.1150
-0.3000	-2.0000	0.0500	0.1035
-0.3000	-1.9000	0.0500	0.1225
-0.3000	-1.8000	0.0500	0.1371
-0.3000	-1.7000	0.0500	0.1467
-0.3000	-1.6000	0.0500	0.1660
-0.3000	-1.5000	0.0500	0.1897
-0.3000	-1.4000	0.0500	0.2149
-0.3000	-1.3000	0.0500	0.2456
-0.3000	-1.2000	0.0500	0.2820
-0.3000	-1.1000	0.0500	0.3249
-0.3000	-1.0000	0.0500	0.3744
-0.3000	-0.9000	0.0500	0.4312
-0.3000	-0.8000	0.0500	0.4967
-0.3000	-0.7000	0.0500	0.5715
-0.3000	-0.6000	0.0500	0.6544
-0.3000	-0.5000	0.0500	0.7403
-0.3000	-0.4000	0.0500	0.8253
-0.3000	-0.3000	0.0500	0.9060
-0.3000	-0.2000	0.0500	0.9740
-0.3000	-0.1000	0.0500	1.0205
-0.3000	-0.0000	0.0500	1.0385
-0.3000	0.1000	0.0500	1.0247
-0.3000	0.2000	0.0500	0.9810
-0.3000	0.3000	0.0500	0.9131
-0.3000	0.4000	0.0500	0.8300
-0.3000	0.5000	0.0500	0.7418
-0.3000	0.6000	0.0500	0.6564
-0.3000	0.7000	0.0500	0.5761
-0.3000	0.8000	0.0500	0.5012
-0.3000	0.9000	0.0500	0.4353
-0.3000	1.0000	0.0500	0.3769
-0.3000	1.1000	0.0500	0.3242
-0.3000	1.2000	0.0500	0.2795
-0.3000	1.3000	0.0500	0.2428
-0.3000	1.4000	0.0500	0.2125
-0.3000	1.5000	0.0500	0.1867
-0.3000	1.6000	0.0500	0.1645
-0.3000	1.7000	0.0500	0.1455
-0.3000	1.8000	0.0500	0.1293
-0.3000	1.9000	0.0500	0.1154
-0.2000	-2.0000	0.0500	0.1021
-0.2000	-1.9000	0.0500	0.1221
-0.2000	-1.8000	0.0500	0.1369
-0.2000	-1.7000	0.0500	0.1464
-0.2000	-1.6000	0.0500	0.1655
-0.2000	-1.5000	0.0500	0.1895
-0.2000	-1.4000	0.0500	0.2162
-0.2000	-1.3000	0.0500	0.2472
-0.2000	-1.2000	0.0500	0.2839
-0.2000	-1.1000	0.0500	0.3283
-0.2000	-1.0000	0.0500	0.3775
-0.2000	-0.9000	0.0500	0.4325
-0.2000	-0.8000	0.0500	0.4971
-0.2000	-0.7000	0.0500	0.5706
-0.2000	-0.6000	0.0500	0.6515
-0.2000	-0.5000	0.0500	0.7368
-0.2000	-0.4000	0.0500	0.8227
-0.2000	-0.3000	0.0500	0.9037
-0.2000	-0.2000	0.0500	0.9723
-0.2000	-0.1000	0.0500	1.0198
-0.2000	-0.0000	0.0500	1.0385
-0.2000	0.1000	0.0500	1.0247
-0.2000	0.2000	0.0500	0.9808
-0.2000	0.3000	0.0500	0.9127
-0.2000	0.4000	0.0500	0.8297
-0.2000	0.5000	0.0500	0.7412
-0.2000	0.6000	0.0500	0.6545
-0.2000	0.7000	0.0500	0.5736
-0.2000	0.8000	0.0500	0.4995
-0.2000	0.9000	0.0500	0.4330
-0.2000	1.0000	0.0500	0.3740
-0.2000	1.1000	0.0500	0.3206
-0.2000	1.2000	0.0500	0.2746
-0.2000	1.3000	0.0500	0.2398
-0.2000	1.4000	0.0500	0.2122
-0.2000	1.5000	0.0500	0.1873
-0.2000	1.6000	0.0500	0.1653
-0.2000	1.7000	0.0500	0.1464
-0.2000	1.8000	0.0500	0.1301
-0.2000	1.9000	0.0500	0.1159
-0.1000	-2.0000	0.0500	0.1015
-0.1000	-1.9000	0.0500	0.1166
-0.1000	-1.8000	0.0500	0.1322
-0.1000	-1.7000	0.0500	0.1479
-0.1000	-1.6000	0.0500	0.1671
-0.1000	-1.5000	0.0500	0.1902
-0.1000	-1.4000	0.0500	0.2168
-0.1000	-1.3000	0.0500	0.2479
-0.1000	-1.2000	0.0500	0.2847
-0.1000	-1.1000	0.0500	0.3295
-0.1000	-1.0000	0.0500	0.3787
-0.1000	-0.9000	0.0500	0.4328
-0.1000	-0.8000	0.0500	0.4969
-0.1000	-0.7000	0.0500	0.5698
-0.1000	-0.6000	0.0500	0.6500
-0.1000	-0.5000	0.0500	0.7354
-0.1000	-0.4000	0.0500	0.8221
-0.1000	-0.3000	0.0500	0.9045
-0.1000	-0.2000	0.0500	0.9751
-0.1000	-0.1000	0.0500	1.0257
-0.1000	-0.0000	0.0500	1.0449
-0.1000	0.1000	0.0500	1.0291
-0.1000	0.2000	0.0500	0.9840
-0.1000	0.3000	0.0500	0.9149
-0.1000	0.4000	0.0500	0.8308
-0.1000	0.5000	0.0500	0.7413
-0.1000	0.6000	0.0500	0.6535
-0.1000	0.7000	0.0500	0.5718
-0.1000	0.8000	0.0500	0.4984
-0.1000	0.9000	0.0500	0.4320
-0.1000	1.0000	0.0500	0.3715
-0.1000	1.1000	0.0500	0.3152
-0.1000	1.2000	0.0500	0.2683
-0.1000	1.3000	0.0500	0.2363
-0.1000	1.4000	0.0500	0.2111
-0.1000	1.5000	0.0500	0.1873
-0.1000	1.6000	0.0500	0.1659
-0.1000	1.7000	0.0500	0.1470
-0.1000	1.8000	0.0500	0.1306
-0.1000	1.9000	0.0500	0.1163
0.0000	-2.0000	0.0500	0.1033
0.0000	-1.9000	0.0500	0.1165
0.0000	-1.8000	0.0500	0.1315
0.0000	-1.7000	0.0500	0.1482
0.0000	-1.6000	0.0500	0.1677
0.0000	-1.5000	0.0500	0.1905
0.0000	-1.4000	0.0500	0.2169
0.0000	-1.3000	0.0500	0.2476
0.0000	-1.2000	0.0500	0.2836
0.0000	-1.1000	0.0500	0.3268
0.0000	-1.0000	0.0500	0.3760
0.0000	-0.9000	0.0500	0.4315
0.0000	-0.8000	0.0500	0.4957
0.0000	-0.7000	0.0500	0.5681
0.0000	-0.6000	0.0500	0.6478
0.0000	-0.5000	0.0500	0.7329
0.0000	-0.4000	0.0500	0.8199
0.0000	-0.3000	0.0500	0.9034
0.0000	-0.2000	0.0500	0.9757
0.0000	-0.1000	0.0500	1.0269
0.0000	-0.0000	0.0500	1.0451
0.0000	0.1000	0.0500	1.0285
0.0000	0.2000	0.0500	0.9828
0.0000	0.3000	0.0500	0.9134
0.0000	0.4000	0.0500	0.8292
0.0000	0.5000	0.0500	0.7394
0.0000	0.6000	0.0500	0.6513
0.0000	0.7000	0.0500	0.5695
0.0000	0.8000	0.0500	0.4964
0.0000	0.9000	0.0500	0.4302
0.0000	1.0000	0.0500	0.3690
0.0000	1.1000	0.0500	0.3082
0.0000	1.2000	0.0500	0.2607
0.0000	1.3000	0.0500	0.2334
0.0000	1.4000	0.0500	0.2102
0.0000	1.5000	0.0500	0.1872
0.0000	1.6000	0.0500	0.1661
0.0000	1.7000	0.0500	0.1473
0.0000	1.8000	0.0500	0.1308
0.0000	1.9000	0.0500	0.1165
0.1000	-2.0000	0.0500	0.1036
0.1000	-1.9000	0.0500	0.1164
0.1000	-1.8000	0.0500	0.1311
0.1000	-1.7000	0.0500	0.1480
0.1000	-1.6000	0.0500	0.1675
0.1000	-1.5000	0.0500	0.1902
0.1000	-1.4000	0.0500	0.2163
0.1000	-1.3000	0.0500	0.2463
0.1000	-1.2000	0.0500	0.2807
0.1000	-1.1000	0.0500	0.3224
0.1000	-1.0000	0.0500	0.3723
0.1000	-0.9000	0.0500	0.4290
0.1000	-0.8000	0.0500	0.4932
0.1000	-0.7000	0.0500	0.5650
0.1000	-0.6000	0.0500	0.6439
0.1000	-0.5000	0.0500	0.7281
0.1000	-0.4000	0.0500	0.8143
0.1000	-0.3000	0.0500	0.8978
0.1000	-0.2000	0.0500	0.9730
0.1000	-0.1000	0.0500	1.0214
0.1000	-0.0000	0.0500	1.0347
0.1000	0.1000	0.0500	1.0188
0.1000	0.2000	0.0500	0.9740
0.1000	0.3000	0.0500	0.9059
0.1000	0.4000	0.0500	0.8233
0.1000	0.5000	0.0500	0.7344
0.1000	0.6000	0.0500	0.6459
0.1000	0.7000	0.0500	0.5648
0.1000	0.8000	0.0500	0.4926
0.1000	0.9000	0.0500	0.4273
0.1000	1.0000	0.0500	0.3679
0.1000	1.1000	0.0500	0.3097
0.1000	1.2000	0.0500	0.2637
0.1000	1.3000	0.0500	0.2351
0.1000	1.4000	0.0500	0.2107
0.1000	1.5000	0.0500	0.1873
0.1000	1.6000	0.0500	0.1665
0.1000	1.7000	0.0500	0.1477
0.1000	1.8000	0.0500	0.1308
0.1000	1.9000	0.0500	0.1164
0.2000	-2.0000	0.0500	0.1033
0.2000	-1.9000	0.0500	0.1159
0.2000	-1.8000	0.0500	0.1305
0.2000	-1.7000	0.0500	0.1473
0.2000	-1.6000	0.0500	0.1668
0.2000	-1.5000	0.0500	0.1897
0.2000	-1.4000	0.0500	0.2154
0.2000	-1.3000	0.0500	0.2443
0.2000	-1.2000	0.0500	0.2781
0.2000	-1.1000	0.0500	0.3178
0.2000	-1.0000	0.0500	0.3674
0.2000	-0.9000	0.0500	0.4257
0.2000	-0.8000	0.0500	0.4896
0.2000	-0.7000	0.0500	0.5607
0.2000	-0.6000	0.0500	0.6387
0.2000	-0.5000	0.0500	0.7215
0.2000	-0.4000	0.0500	0.8058
0.2000	-0.3000	0.0500	0.8871
0.2000	-0.2000	0.0500	0.9598
0.2000	-0.1000	0.0500	1.0060
0.2000	-0.0000	0.0500	1.0182
0.2000	0.1000	0.0500	1.0027
0.2000	0.2000	0.0500	0.9594
0.2000	0.3000	0.0500	0.8938
0.2000	0.4000	0.0500	0.8153
0.2000	0.5000	0.0500	0.7287
0.2000	0.6000	0.0500	0.6403
0.2000	0.7000	0.0500	0.5602
0.2000	0.8000	0.0500	0.4889
0.2000	0.9000	0.0500	0.4246
0.2000	1.0000	0.0500	0.3674
0.2000	1.1000	0.0500	0.3169
0.2000	1.2000	0.0500	0.2744
0.2000	1.3000	0.0500	0.2408
0.2000	1.4000	0.0500	0.2125
0.2000	1.5000	0.0500	0.1874
0.2000	1.6000	0.0500	0.1661
0.2000	1.7000	0.0500	0.1472
0.2000	1.8000	0.0500	0.1304
0.2000	1.9000	0.0500	0.1162
0.3000	-2.0000	0.0500	0.1024
0.3000	-1.9000	0.0500	0.1149
0.3000	-1.8000	0.0500	0.1294
0.3000	-1.7000	0.0500	0.1460
0.3000	-1.6000	0.0500	0.1655
0.3000	-1.5000	0.0500	0.1884
0.3000	-1.4000	0.0500	0.2131
0.3000	-1.3000	0.0500	0.2411
0.3000	-1.2000	0.0500	0.2764
0.3000	-1.1000	0.0500	0.3168
0.3000	-1.0000	0.0500	0.3648
0.3000	-0.9000	0.0500	0.4221
0.3000	-0.8000	0.0500	0.4850
0.3000	-0.7000	0.0500	0.5555
0.3000	-0.6000	0.0500	0.6332
0.3000	-0.5000	0.0500	0.7150
0.3000	-0.4000	0.0500	0.7975
0.3000	-0.3000	0.0500	0.8756
0.3000	-0.2000	0.0500	0.9418
0.3000	-0.1000	0.0500	0.9860
0.3000	-0.0000	0.0500	1.0013
0.3000	0.1000	0.0500	0.9869
0.3000	0.2000	0.0500	0.9449
0.3000	0.3000	0.0500	0.8813
0.3000	0.4000	0.0500	0.8051
0.3000	0.5000	0.0500	0.7210
0.3000	0.6000	0.0500	0.6354
0.3000	0.7000	0.0500	0.5564
0.3000	0.8000	0.0500	0.4850
0.3000	0.9000	0.0500	0.4215
0.3000	1.0000	0.0500	0.3657
0.3000	1.1000	0.0500	0.3174
0.3000	1.2000	0.0500	0.2767
0.3000	1.3000	0.0500	0.2450
0.3000	1.4000	0.0500	0.2155
0.3000	1.5000	0.0500	0.1872
0.3000	1.6000	0.0500	0.1650
0.3000	1.7000	0.0500	0.1461
0.3000	1.8000	0.0500	0.1297
0.3000	1.9000	0.0500	0.1159
0.4000	-2.0000	0.0500	0.1011
0.4000	-1.9000	0.0500	0.1134
0.4000	-1.8000	0.0500	0.1276
0.4000	-1.7000	0.0500	0.1441
0.4000	-1.6000	0.0500	0.1634
0.4000	-1.5000	0.0500	0.1858
0.4000	-1.4000	0.0500	0.2107
0.4000	-1.3000	0.0500	0.2398
0.4000	-1.2000	0.0500	0.2762
0.4000	-1.1000	0.0500	0.3180
0.4000	-1.0000	0.0500	0.3653
0.4000	-0.9000	0.0500	0.4195
0.4000	-0.8000	0.0500	0.4775
0.4000	-0.7000	0.0500	0.5478
0.4000	-0.6000	0.0500	0.6294
0.4000	-0.5000	0.0500	0.7116
0.4000	-0.4000	0.0500	0.7938
0.4000	-0.3000	0.0500	0.8710
0.4000	-0.2000	0.0500	0.9357
0.4000	-0.1000	0.0500	0.9795
0.4000	-0.0000	0.0500	0.9954
0.4000	0.1000	0.0500	0.9807
0.4000	0.2000	0.0500	0.9383
0.4000	0.3000	0.0500	0.8743
0.4000	0.4000	0.0500	0.7969
0.4000	0.5000	0.0500	0.7135
0.4000	0.6000	0.0500	0.6304
0.4000	0.7000	0.0500	0.5521
0.4000	0.8000	0.0500	0.4809
0.4000	0.9000	0.0500	0.4179
0.4000	1.0000	0.0500	0.3628
0.4000	1.1000	0.0500	0.3153
0.4000	1.2000	0.0500	0.2752
0.4000	1.3000	0.0500	0.2436
0.4000	1.4000	0.0500	0.2141
0.4000	1.5000	0.0500	0.1858
0.4000	1.6000	0.0500	0.1646
0.4000	1.7000	0.0500	0.1458
0.4000	1.8000	0.0500	0.1289
0.4000	1.9000	0.0500	0.1164
0.5000	-2.0000	0.0500	0.0989
0.5000	-1.9000	0.0500	0.1110
0.5000	-1.8000	0.0500	0.1249
0.5000	-1.7000	0.0500	0.1412
0.5000	-1.6000	0.0500	0.1603
0.5000	-1.5000	0.0500	0.1826
0.5000	-1.4000	0.0500	0.2085
0.5000	-1.3000	0.0500	0.2391
0.5000	-1.2000	0.0500	0.2751
0.5000	-1.1000	0.0500	0.3164
0.5000	-1.0000	0.0500	0.3657
0.5000	-0.9000	0.0500	0.4200
0.5000	-0.8000	0.0500	0.4772
0.5000	-0.7000	0.0500	0.5490
0.5000	-0.6000	0.0500	0.6312
0.5000	-0.5000	0.0500	0.7139
0.5000	-0.4000	0.0500	0.7982
0.5000	-0.3000	0.0500	0.8784
0.5000	-0.2000	0.0500	0.9463
0.5000	-0.1000	0.0500	0.9940
0.5000	-0.0000	0.0500	1.0107
0.5000	0.1000	0.0500	0.9931
0.5000	0.2000	0.0500	0.9472
0.5000	0.3000	0.0500	0.8793
0.5000	0.4000	0.0500	0.7983
0.5000	0.5000	0.0500	0.7125
0.5000	0.6000	0.0500	0.6281
0.5000	0.7000	0.0500	0.5489
0.5000	0.8000	0.0500	0.4773
0.5000	0.9000	0.0500	0.4141
0.5000	1.0000	0.0500	0.3592
0.5000	1.1000	0.0500	0.3120
0.5000	1.2000	0.0500	0.2718
0.5000	1.3000	0.0500	0.2378
0.5000	1.4000	0.0500	0.2084
0.5000	1.5000	0.0500	0.1830
0.5000	1.6000	0.0500	0.1623
0.5000	1.7000	0.0500	0.1439
0.5000	1.8000	0.0500	0.1273
0.5000	1.9000	0.0500	0.1150
0.6000	-2.0000	0.0500	0.0950
0.6000	-1.9000	0.0500	0.1070
0.6000	-1.8000	0.0500	0.1199
0.6000	-1.7000	0.0500	0.1358
0.6000	-1.6000	0.0500	0.1558
0.6000	-1.5000	0.0500	0.1785
0.6000	-1.4000	0.0500	0.2049
0.6000	-1.3000	0.0500	0.2356
0.6000	-1.2000	0.0500	0.2712
0.6000	-1.1000	0.0500	0.3129
0.6000	-1.0000	0.0500	0.3629
0.6000	-0.9000	0.0500	0.4192
0.6000	-0.8000	0.0500	0.4862
0.6000	-0.7000	0.0500	0.5622
0.6000	-0.6000	0.0500	0.6390
0.6000	-0.5000	0.0500	0.7225
0.6000	-0.4000	0.0500	0.8124
0.6000	-0.3000	0.0500	0.9002
0.6000	-0.2000	0.0500	0.9763
0.6000	-0.1000	0.0500	1.0308
0.6000	-0.0000	0.0500	1.0502
0.6000	0.1000	0.0500	1.0302
0.6000	0.2000	0.0500	0.9771
0.6000	0.3000	0.0500	0.8999
0.6000	0.4000	0.0500	0.8106
0.6000	0.5000	0.0500	0.7190
0.6000	0.6000	0.0500	0.6302
0.6000	0.7000	0.0500	0.5477
0.6000	0.8000	0.0500	0.4746
0.6000	0.9000	0.0500	0.4108
0.6000	1.0000	0.0500	0.3555
0.6000	1.1000	0.0500	0.3081
0.6000	1.2000	0.0500	0.2679
0.6000	1.3000	0.0500	0.2336
0.6000	1.4000	0.0500	0.2043
0.6000	1.5000	0.0500	0.1794
0.6000	1.6000	0.0500	0.1584
0.6000	1.7000	0.0500	0.1403
0.6000	1.8000	0.0500	0.1247
0.6000	1.9000	0.0500	0.1115
0.7000	-2.0000	0.0500	0.0909
0.7000	-1.9000	0.0500	0.1020
0.7000	-1.8000	0.0500	0.1077
0.7000	-1.7000	0.0500	0.1232
0.7000	-1.6000	0.0500	0.1497
0.7000	-1.5000	0.0500	0.1736
0.7000	-1.4000	0.0500	0.2006
0.7000	-1.3000	0.0500	0.2316
0.7000	-1.2000	0.0500	0.2676
0.7000	-1.1000	0.0500	0.3095
0.7000	-1.0000	0.0500	0.3578
0.7000	-0.9000	0.0500	0.4144
0.7000	-0.8000	0.0500	0.4851
0.7000	-0.7000	0.0500	0.5635
0.7000	-0.6000	0.0500	0.6444
0.7000	-0.5000	0.0500	0.7353
0.7000	-0.4000	0.0500	0.8346
0.7000	-0.3000	0.0500	0.9349
0.7000	-0.2000	0.0500	1.0251
0.7000	-0.1000	0.0500	1.0900
0.7000	-0.0000	0.0500	1.1156
0.7000	0.1000	0.0500	1.0943
0.7000	0.2000	0.0500	1.0293
0.7000	0.3000	0.0500	0.9360
0.7000	0.4000	0.0500	0.8329
0.7000	0.5000	0.0500	0.7312
0.7000	0.6000	0.0500	0.6354
0.7000	0.7000	0.0500	0.5483
0.7000	0.8000	0.0500	0.4730
0.7000	0.9000	0.0500	0.4090
0.7000	1.0000	0.0500	0.3524
0.7000	1.1000	0.0500	0.3035
0.7000	1.2000	0.0500	0.2639
0.7000	1.3000	0.0500	0.2296
0.7000	1.4000	0.0500	0.1999
0.7000	1.5000	0.0500	0.1755
0.7000	1.6000	0.0500	0.1548
0.7000	1.7000	0.0500	0.1371
0.7000	1.8000	0.0500	0.1219
0.7000	1.9000	0.0500	0.1088
0.8000	-2.0000	0.0500	0.0893
0.8000	-1.9000	0.0500	0.0998
0.8000	-1.8000	0.0500	0.1050
0.8000	-1.7000	0.0500	0.1200
0.8000	-1.6000	0.0500	0.1462
0.8000	-1.5000	0.0500	0.1696
0.8000	-1.4000	0.0500	0.1963
0.8000	-1.3000	0.0500	0.2272
0.8000	-1.2000	0.0500	0.2655
0.8000	-1.1000	0.0500	0.3103
0.8000	-1.0000	0.0500	0.3561
0.8000	-0.9000	0.0500	0.4091
0.8000	-0.8000	0.0500	0.4765
0.8000	-0.7000	0.0500	0.5558
0.8000	-0.6000	0.0500	0.6466
0.8000	-0.5000	0.0500	0.7495
0.8000	-0.4000	0.0500	0.8619
0.8000	-0.3000	0.0500	0.9781
0.8000	-0.2000	0.0500	1.0859
0.8000	-0.1000	0.0500	1.1665
0.8000	-0.0000	0.0500	1.2031
0.8000	0.1000	0.0500	1.1790
0.8000	0.2000	0.0500	1.0960
0.8000	0.3000	0.0500	0.9815
0.8000	0.4000	0.0500	0.8608
0.8000	0.5000	0.0500	0.7466
0.8000	0.6000	0.0500	0.6429
0.8000	0.7000	0.0500	0.5506
0.8000	0.8000	0.0500	0.4707
0.8000	0.9000	0.0500	0.4036
0.8000	1.0000	0.0500	0.3460
0.8000	1.1000	0.0500	0.2972
0.8000	1.2000	0.0500	0.2578
0.8000	1.3000	0.0500	0.2231
0.8000	1.4000	0.0500	0.1939
0.8000	1.5000	0.0500	0.1709
0.8000	1.6000	0.0500	0.1509
0.8000	1.7000	0.0500	0.1338
0.8000	1.8000	0.0500	0.1190
0.8000	1.9000	0.0500	0.1062
0.9000	-2.0000	0.0500	0.0891
0.9000	-1.9000	0.0500	0.0999
0.9000	-1.8000	0.0500	0.1117
0.9000	-1.7000	0.0500	0.1265
0.9000	-1.6000	0.0500	0.1451
0.9000	-1.5000	0.0500	0.1666
0.9000	-1.4000	0.0500	0.1917
0.9000	-1.3000	0.0500	0.2216
0.9000	-1.2000	0.0500	0.2593
0.9000	-1.1000	0.0500	0.3035
0.9000	-1.0000	0.0500	0.3489
0.9000	-0.9000	0.0500	0.4019
0.9000	-0.8000	0.0500	0.4696
0.9000	-0.7000	0.0500	0.5514
0.9000	-0.6000	0.0500	0.6482
0.9000	-0.5000	0.0500	0.7606
0.9000	-0.4000	0.0500	0.8866
0.9000	-0.3000	0.0500	1.0189
0.9000	-0.2000	0.0500	1.1436
0.9000	-0.1000	0.0500	1.2397
0.9000	-0.0000	0.0500	1.2846
0.9000	0.1000	0.0500	1.2564
0.9000	0.2000	0.0500	1.1581
0.9000	0.3000	0.0500	1.0242
0.9000	0.4000	0.0500	0.8866
0.9000	0.5000	0.0500	0.7614
0.9000	0.6000	0.0500	0.6532
0.9000	0.7000	0.0500	0.5573
0.9000	0.8000	0.0500	0.4682
0.9000	0.9000	0.0500	0.3921
0.9000	1.0000	0.0500	0.3347
0.9000	1.1000	0.0500	0.2892
0.9000	1.2000	0.0500	0.2498
0.9000	1.3000	0.0500	0.2155
0.9000	1.4000	0.0500	0.1876
0.9000	1.5000	0.0500	0.1656
0.9000	1.6000	0.0500	0.1465
0.9000	1.7000	0.0500	0.1299
0.9000	1.8000	0.0500	0.1157
0.9000	1.9000	0.0500	0.1034
1.0000	-2.0000	0.0500	0.0883
1.0000	-1.9000	0.0500	0.0990
1.0000	-1.8000	0.0500	0.1112
1.0000	-1.7000	0.0500	0.1255
1.0000	-1.6000	0.0500	0.1425
1.0000	-1.5000	0.0500	0.1624
1.0000	-1.4000	0.0500	0.1860
1.0000	-1.3000	0.0500	0.2144
1.0000	-1.2000	0.0500	0.2487
1.0000	-1.1000	0.0500	0.2891
1.0000	-1.0000	0.0500	0.3358
1.0000	-0.9000	0.0500	0.3917
1.0000	-0.8000	0.0500	0.4600
1.0000	-0.7000	0.0500	0.5433
1.0000	-0.6000	0.0500	0.6434
1.0000	-0.5000	0.0500	0.7619
1.0000	-0.4000	0.0500	0.8972
1.0000	-0.3000	0.0500	1.0416
1.0000	-0.2000	0.0500	1.1789
1.0000	-0.1000	0.0500	1.2853
1.0000	-0.0000	0.0500	1.3331
1.0000	0.1000	0.0500	1.3020
1.0000	0.2000	0.0500	1.1966
1.0000	0.3000	0.0500	1.0494
1.0000	0.4000	0.0500	0.9006
1.0000	0.5000	0.0500	0.7708
1.0000	0.6000	0.0500	0.6547
1.0000	0.7000	0.0500	0.5502
1.0000	0.8000	0.0500	0.4587
1.0000	0.9000	0.0500	0.3823
1.0000	1.0000	0.0500	0.3255
1.0000	1.1000	0.0500	0.2806
1.0000	1.2000	0.0500	0.2412
1.0000	1.3000	0.0500	0.2074
1.0000	1.4000	0.0500	0.1802
1.0000	1.5000	0.0500	0.1591
1.0000	1.6000	0.0500	0.1411
1.0000	1.7000	0.0500	0.1255
1.0000	1.8000	0.0500	0.1120
1.0000	1.9000	0.0500	0.1003
1.1000	-2.0000	0.0500	0.0866
1.1000	-1.9000	0.0500	0.0967
1.1000	-1.8000	0.0500	0.1084
1.1000	-1.7000	0.0500	0.1221
1.1000	-1.6000	0.0500	0.1381
1.1000	-1.5000	0.0500	0.1567
1.1000	-1.4000	0.0500	0.1785
1.1000	-1.3000	0.0500	0.2055
1.1000	-1.2000	0.0500	0.2393
1.1000	-1.1000	0.0500	0.2789
1.1000	-1.0000	0.0500	0.3243
1.1000	-0.9000	0.0500	0.3787
1.1000	-0.8000	0.0500	0.4458
1.1000	-0.7000	0.0500	0.5281
1.1000	-0.6000	0.0500	0.6281
1.1000	-0.5000	0.0500	0.7475
1.1000	-0.4000	0.0500	0.8852
1.1000	-0.3000	0.0500	1.0334
1.1000	-0.2000	0.0500	1.1745
1.1000	-0.1000	0.0500	1.2827
1.1000	-0.0000	0.0500	1.3299
1.1000	0.1000	0.0500	1.2965
1.1000	0.2000	0.0500	1.1885
1.1000	0.3000	0.0500	1.0388
1.1000	0.4000	0.0500	0.8870
1.1000	0.5000	0.0500	0.7539
1.1000	0.6000	0.0500	0.6326
1.1000	0.7000	0.0500	0.5258
1.1000	0.8000	0.0500	0.4407
1.1000	0.9000	0.0500	0.3725
1.1000	1.0000	0.0500	0.3187
1.1000	1.1000	0.0500	0.2726
1.1000	1.2000	0.0500	0.2311
1.1000	1.3000	0.0500	0.1922
1.1000	1.4000	0.0500	0.1651
1.1000	1.5000	0.0500	0.1505
1.1000	1.6000	0.0500	0.1342
1.1000	1.7000	0.0500	0.1196
1.1000	1.8000	0.0500	0.1079
1.1000	1.9000	0.0500	0.0969
1.2000	-2.0000	0.0500	0.0841
1.2000	-1.9000	0.0500	0.0935
1.2000	-1.8000	0.0500	0.1042
1.2000	-1.7000	0.0500	0.1170
1.2000	-1.6000	0.0500	0.1323
1.2000	-1.5000	0.0500	0.1495
1.2000	-1.4000	0.0500	0.1673
1.2000	-1.3000	0.0500	0.1926
1.2000	-1.2000	0.0500	0.2284
1.2000	-1.1000	0.0500	0.2710
1.2000	-1.0000	0.0500	0.3145
1.2000	-0.9000	0.0500	0.3627
1.2000	-0.8000	0.0500	0.4262
1.2000	-0.7000	0.0500	0.5049
1.2000	-0.6000	0.0500	0.6005
1.2000	-0.5000	0.0500	0.7146
1.2000	-0.4000	0.0500	0.8459
1.2000	-0.3000	0.0500	0.9870
1.2000	-0.2000	0.0500	1.1206
1.2000	-0.1000	0.0500	1.2212
1.2000	-0.0000	0.0500	1.2624
1.2000	0.1000	0.0500	1.2274
1.2000	0.2000	0.0500	1.1253
1.2000	0.3000	0.0500	0.9867
1.2000	0.4000	0.0500	0.8428
1.2000	0.5000	0.0500	0.7111
1.2000	0.6000	0.0500	0.5963
1.2000	0.7000	0.0500	0.4993
1.2000	0.8000	0.0500	0.4206
1.2000	0.9000	0.0500	0.3594
1.2000	1.0000	0.0500	0.3084
1.2000	1.1000	0.0500	0.2611
1.2000	1.2000	0.0500	0.2207
1.2000	1.3000	0.0500	0.1834
1.2000	1.4000	0.0500	0.1577
1.2000	1.5000	0.0500	0.1442
1.2000	1.6000	0.0500	0.1287
1.2000	1.7000	0.0500	0.1149
1.2000	1.8000	0.0500	0.1032
1.2000	1.9000	0.0500	0.0928
1.3000	-2.0000	0.0500	0.0811
1.3000	-1.9000	0.0500	0.0897
1.3000	-1.8000	0.0500	0.0977
1.3000	-1.7000	0.0500	0.1097
1.3000	-1.6000	0.0500	0.1260
1.3000	-1.5000	0.0500	0.1419
1.3000	-1.4000	0.0500	0.1557
1.3000	-1.3000	0.0500	0.1794
1.3000	-1.2000	0.0500	0.2156
1.3000	-1.1000	0.0500	0.2564
1.3000	-1.0000	0.0500	0.2976
1.3000	-0.9000	0.0500	0.3424
1.3000	-0.8000	0.0500	0.4013
1.3000	-0.7000	0.0500	0.4739
1.3000	-0.6000	0.0500	0.5613
1.3000	-0.5000	0.0500	0.6644
1.3000	-0.4000	0.0500	0.7817
1.3000	-0.3000	0.0500	0.9062
1.3000	-0.2000	0.0500	1.0229
1.3000	-0.1000	0.0500	1.1095
1.3000	-0.0000	0.0500	1.1431
1.3000	0.1000	0.0500	1.1113
1.3000	0.2000	0.0500	1.0236
1.3000	0.3000	0.0500	0.9048
1.3000	0.4000	0.0500	0.7785
1.3000	0.5000	0.0500	0.6601
1.3000	0.6000	0.0500	0.5564
1.3000	0.7000	0.0500	0.4686
1.3000	0.8000	0.0500	0.3963
1.3000	0.9000	0.0500	0.3400
1.3000	1.0000	0.0500	0.2915
1.3000	1.1000	0.0500	0.2468
1.3000	1.2000	0.0500	0.2108
1.3000	1.3000	0.0500	0.1814
1.3000	1.4000	0.0500	0.1580
1.3000	1.5000	0.0500	0.1400
1.3000	1.6000	0.0500	0.1249
1.3000	1.7000	0.0500	0.1115
1.3000	1.8000	0.0500	0.0994
1.3000	1.9000	0.0500	0.0893
1.4000	-2.0000	0.0500	0.0779
1.4000	-1.9000	0.0500	0.0859
1.4000	-1.8000	0.0500	0.0933
1.4000	-1.7000	0.0500	0.1045
1.4000	-1.6000	0.0500	0.1196
1.4000	-1.5000	0.0500	0.1347
1.4000	-1.4000	0.0500	0.1499
1.4000	-1.3000	0.0500	0.1722
1.4000	-1.2000	0.0500	0.2030
1.4000	-1.1000	0.0500	0.2365
1.4000	-1.0000	0.0500	0.2745
1.4000	-0.9000	0.0500	0.3187
1.4000	-0.8000	0.0500	0.3722
1.4000	-0.7000	0.0500	0.4370
1.4000	-0.6000	0.0500	0.5136
1.4000	-0.5000	0.0500	0.6020
1.4000	-0.4000	0.0500	0.7008
1.4000	-0.3000	0.0500	0.8040
1.4000	-0.2000	0.0500	0.8996
1.4000	-0.1000	0.0500	0.9697
1.4000	-0.0000	0.0500	0.9970
1.4000	0.1000	0.0500	0.9712
1.4000	0.2000	0.0500	0.9003
1.4000	0.3000	0.0500	0.8059
1.4000	0.4000	0.0500	0.7020
1.4000	0.5000	0.0500	0.6007
1.4000	0.6000	0.0500	0.5126
1.4000	0.7000	0.0500	0.4349
1.4000	0.8000	0.0500	0.3680
1.4000	0.9000	0.0500	0.3167
1.4000	1.0000	0.0500	0.2757
1.4000	1.1000	0.0500	0.2359
1.4000	1.2000	0.0500	0.2004
1.4000	1.3000	0.0500	0.1735
1.4000	1.4000	0.0500	0.1507
1.4000	1.5000	0.0500	0.1331
1.4000	1.6000	0.0500	0.1196
1.4000	1.7000	0.0500	0.1071
1.4000	1.8000	0.0500	0.0960
1.4000	1.9000	0.0500	0.0863
1.5000	-2.0000	0.0500	0.0746
1.5000	-1.9000	0.0500	0.0823
1.5000	-1.8000	0.0500	0.0909
1.5000	-1.7000	0.0500	0.1011
1.5000	-1.6000	0.0500	0.1112
1.5000	-1.5000	0.0500	0.1256
1.5000	-1.4000	0.0500	0.1448
1.5000	-1.3000	0.0500	0.1656
1.5000	-1.2000	0.0500	0.1904
1.5000	-1.1000	0.0500	0.2194
1.5000	-1.0000	0.0500	0.2544
1.5000	-0.9000	0.0500	0.2943
1.5000	-0.8000	0.0500	0.3406
1.5000	-0.7000	0.0500	0.3964
1.5000	-0.6000	0.0500	0.4609
1.5000	-0.5000	0.0500	0.5337
1.5000	-0.4000	0.0500	0.6131
1.5000	-0.3000	0.0500	0.6941
1.5000	-0.2000	0.0500	0.7678
1.5000	-0.1000	0.0500	0.8209
1.5000	-0.0000	0.0500	0.8418
1.5000	0.1000	0.0500	0.8227
1.5000	0.2000	0.0500	0.7693
1.5000	0.3000	0.0500	0.6979
1.5000	0.4000	0.0500	0.6178
1.5000	0.5000	0.0500	0.5366
1.5000	0.6000	0.0500	0.4626
1.5000	0.7000	0.0500	0.3952
1.5000	0.8000	0.0500	0.3364
1.5000	0.9000	0.0500	0.2912
1.5000	1.0000	0.0500	0.2550
1.5000	1.1000	0.0500	0.2199
1.5000	1.2000	0.0500	0.1881
1.5000	1.3000	0.0500	0.1638
1.5000	1.4000	0.0500	0.1429
1.5000	1.5000	0.0500	0.1266
1.5000	1.6000	0.0500	0.1140
1.5000	1.7000	0.0500	0.1023
1.5000	1.8000	0.0500	0.0918
1.5000	1.9000	0.0500	0.0827
1.6000	-2.0000	0.0500	0.0711
1.6000	-1.9000	0.0500	0.0782
1.6000	-1.8000	0.0500	0.0864
1.6000	-1.7000	0.0500	0.0959
1.6000	-1.6000	0.0500	0.1050
1.6000	-1.5000	0.0500	0.1185
1.6000	-1.4000	0.0500	0.1368
1.6000	-1.3000	0.0500	0.1556
1.6000	-1.2000	0.0500	0.1770
1.6000	-1.1000	0.0500	0.2020
1.6000	-1.0000	0.0500	0.2324
1.6000	-0.9000	0.0500	0.2680
1.6000	-0.8000	0.0500	0.3087
1.6000	-0.7000	0.0500	0.3553
1.6000	-0.6000	0.0500	0.4075
1.6000	-0.5000	0.0500	0.4653
1.6000	-0.4000	0.0500	0.5268
1.6000	-0.3000	0.0500	0.5878
1.6000	-0.2000	0.0500	0.6415
1.6000	-0.1000	0.0500	0.6794
1.6000	-0.0000	0.0500	0.6936
1.6000	0.1000	0.0500	0.6804
1.6000	0.2000	0.0500	0.6429
1.6000	0.3000	0.0500	0.5905
1.6000	0.4000	0.0500	0.5340
1.6000	0.5000	0.0500	0.4720
1.6000	0.6000	0.0500	0.4078
1.6000	0.7000	0.0500	0.3513
1.6000	0.8000	0.0500	0.3030
1.6000	0.9000	0.0500	0.2625
1.6000	1.0000	0.0500	0.2269
1.6000	1.1000	0.0500	0.1976
1.6000	1.2000	0.0500	0.1742
1.6000	1.3000	0.0500	0.1535
1.6000	1.4000	0.0500	0.1360
1.6000	1.5000	0.0500	0.1217
1.6000	1.6000	0.0500	0.1091
1.6000	1.7000	0.0500	0.0975
1.6000	1.8000	0.0500	0.0875
1.6000	1.9000	0.0500	0.0789
1.7000	-2.0000	0.0500	0.0675
1.7000	-1.9000	0.0500	0.0736
1.7000	-1.8000	0.0500	0.0807
1.7000	-1.7000	0.0500	0.0900
1.7000	-1.6000	0.0500	0.1011
1.7000	-1.5000	0.0500	0.1138
1.7000	-1.4000	0.0500	0.1285
1.7000	-1.3000	0.0500	0.1449
1.7000	-1.2000	0.0500	0.1633
1.7000	-1.1000	0.0500	0.1832
1.7000	-1.0000	0.0500	0.2055
1.7000	-0.9000	0.0500	0.2400
1.7000	-0.8000	0.0500	0.2814
1.7000	-0.7000	0.0500	0.3185
1.7000	-0.6000	0.0500	0.3574
1.7000	-0.5000	0.0500	0.4012
1.7000	-0.4000	0.0500	0.4474
1.7000	-0.3000	0.0500	0.4922
1.7000	-0.2000	0.0500	0.5304
1.7000	-0.1000	0.0500	0.5567
1.7000	-0.0000	0.0500	0.5663
1.7000	0.1000	0.0500	0.5572
1.7000	0.2000	0.0500	0.5312
1.7000	0.3000	0.0500	0.4937
1.7000	0.4000	0.0500	0.4527
1.7000	0.5000	0.0500	0.4054
1.7000	0.6000	0.0500	0.3546
1.7000	0.7000	0.0500	0.3097
1.7000	0.8000	0.0500	0.2704
1.7000	0.9000	0.0500	0.2361
1.7000	1.0000	0.0500	0.2051
1.7000	1.1000	0.0500	0.1801
1.7000	1.2000	0.0500	0.1606
1.7000	1.3000	0.0500	0.1429
1.7000	1.4000	0.0500	0.1282
1.7000	1.5000	0.0500	0.1186
1.7000	1.6000	0.0500	0.1069
1.7000	1.7000	0.0500	0.0928
1.7000	1.8000	0.0500	0.0830
1.7000	1.9000	0.0500	0.0750
1.8000	-2.0000	0.0500	0.0638
1.8000	-1.9000	0.0500	0.0677
1.8000	-1.8000	0.0500	0.0706
1.8000	-1.7000	0.0500	0.0803
1.8000	-1.6000	0.0500	0.0947
1.8000	-1.5000	0.0500	0.1073
1.8000	-1.4000	0.0500	0.1205
1.8000	-1.3000	0.0500	0.1347
1.8000	-1.2000	0.0500	0.1504
1.8000	-1.1000	0.0500	0.1670
1.8000	-1.0000	0.0500	0.1851
1.8000	-0.9000	0.0500	0.2148
1.8000	-0.8000	0.0500	0.2504
1.8000	-0.7000	0.0500	0.2801
1.8000	-0.6000	0.0500	0.3101
1.8000	-0.5000	0.0500	0.3433
1.8000	-0.4000	0.0500	0.3777
1.8000	-0.3000	0.0500	0.4102
1.8000	-0.2000	0.0500	0.4372
1.8000	-0.1000	0.0500	0.4554
1.8000	-0.0000	0.0500	0.4618
1.8000	0.1000	0.0500	0.4554
1.8000	0.2000	0.0500	0.4373
1.8000	0.3000	0.0500	0.4102
1.8000	0.4000	0.0500	0.3779
1.8000	0.5000	0.0500	0.3426
1.8000	0.6000	0.0500	0.3060
1.8000	0.7000	0.0500	0.2712
1.8000	0.8000	0.0500	0.2397
1.8000	0.9000	0.0500	0.2118
1.8000	1.0000	0.0500	0.1871
1.8000	1.1000	0.0500	0.1659
1.8000	1.2000	0.0500	0.1478
1.8000	1.3000	0.0500	0.1322
1.8000	1.4000	0.0500	0.1194
1.8000	1.5000	0.0500	0.1112
1.8000	1.6000	0.0500	0.1006
1.8000	1.7000	0.0500	0.0875
1.8000	1.8000	0.0500	0.0784
1.8000	1.9000	0.0500	0.0710
1.9000	-2.0000	0.0500	0.0605
1.9000	-1.9000	0.0500	0.0639
1.9000	-1.8000	0.0500	0.0662
1.9000	-1.7000	0.0500	0.0752
1.9000	-1.6000	0.0500	0.0888
1.9000	-1.5000	0.0500	0.1006
1.9000	-1.4000	0.0500	0.1138
1.9000	-1.3000	0.0500	0.1262
1.9000	-1.2000	0.0500	0.1384
1.9000	-1.1000	0.0500	0.1534
1.9000	-1.0000	0.0500	0.1708
1.9000	-0.9000	0.0500	0.1922
1.9000	-0.8000	0.0500	0.2164
1.9000	-0.7000	0.0500	0.2411
1.9000	-0.6000	0.0500	0.2664
1.9000	-0.5000	0.0500	0.2925
1.9000	-0.4000	0.0500	0.3182
1.9000	-0.3000	0.0500	0.3418
1.9000	-0.2000	0.0500	0.3610
1.9000	-0.1000	0.0500	0.3736
1.9000	-0.0000	0.0500	0.3779
1.9000	0.1000	0.0500	0.3733
1.9000	0.2000	0.0500	0.3605
1.9000	0.3000	0.0500	0.3410
1.9000	0.4000	0.0500	0.3170
1.9000	0.5000	0.0500	0.2908
1.9000	0.6000	0.0500	0.2635
1.9000	0.7000	0.0500	0.2365
1.9000	0.8000	0.0500	0.2117
1.9000	0.9000	0.0500	0.1891
1.9000	1.0000	0.0500	0.1688
1.9000	1.1000	0.0500	0.1510
1.9000	1.2000	0.0500	0.1353
1.9000	1.3000	0.0500	0.1217
1.9000	1.4000	0.0500	0.1099
1.9000	1.5000	0.0500	0.0999
1.9000	1.6000	0.0500	0.0905
1.9000	1.7000	0.0500	0.0815
1.9000	1.8000	0.0500	0.0737
1.9000	1.9000	0.0500	0.0671
