-2.0000e+00	-2.0000e+00	5.0000e-02	2.33276003e-02
-2.0000e+00	-1.9000e+00	5.0000e-02	6.62977712e-02
-2.0000e+00	-1.8000e+00	5.0000e-02	3.74485879e-03
-2.0000e+00	-1.7000e+00	5.0000e-02	6.78281648e-02
-2.0000e+00	-1.6000e+00	5.0000e-02	4.54536816e-02
-2.0000e+00	-1.5000e+00	5.0000e-02	1.00739785e-01
-2.0000e+00	-1.4000e+00	5.0000e-02	1.00889138e-01
-2.0000e+00	-1.3000e+00	5.0000e-02	1.21016168e-01
-2.0000e+00	-1.2000e+00	5.0000e-02	1.24977117e-01
-2.0000e+00	-1.1000e+00	5.0000e-02	1.09002146e-01
-2.0000e+00	-1.0000e+00	5.0000e-02	1.49597911e-01
-2.0000e+00	-9.0000e-01	5.0000e-02	2.01075975e-01
-2.0000e+00	-8.0000e-01	5.0000e-02	1.66592605e-01
-2.0000e+00	-7.0000e-01	5.0000e-02	1.50198856e-01
-2.0000e+00	-6.0000e-01	5.0000e-02	2.14749652e-01
-2.0000e+00	-5.0000e-01	5.0000e-02	2.43532010e-01
-2.0000e+00	-4.0000e-01	5.0000e-02	2.54828443e-01
-2.0000e+00	-3.0000e-01	5.0000e-02	2.58060684e-01
-2.0000e+00	-2.0000e-01	5.0000e-02	2.14110753e-01
-2.0000e+00	-1.0000e-01	5.0000e-02	2.63752232e-01
-2.0000e+00	-2.7756e-16	5.0000e-02	2.64873954e-01
-2.0000e+00	1.0000e-01	5.0000e-02	2.80384144e-01
-2.0000e+00	2.0000e-01	5.0000e-02	2.22292453e-01
-2.0000e+00	3.0000e-01	5.0000e-02	2.81835908e-01
-2.0000e+00	4.0000e-01	5.0000e-02	2.43583147e-01
-2.0000e+00	5.0000e-01	5.0000e-02	1.77293868e-01
-2.0000e+00	6.0000e-01	5.0000e-02	1.97770219e-01
-2.0000e+00	7.0000e-01	5.0000e-02	2.05660959e-01
-2.0000e+00	8.0000e-01	5.0000e-02	1.31266005e-01
-2.0000e+00	9.0000e-01	5.0000e-02	1.45789399e-01
-2.0000e+00	1.0000e+00	5.0000e-02	1.44071228e-01
-2.0000e+00	1.1000e+00	5.0000e-02	1.28611709e-01
-2.0000e+00	1.2000e+00	5.0000e-02	1.69163975e-01
-2.0000e+00	1.3000e+00	5.0000e-02	8.01420481e-02
-2.0000e+00	1.4000e+00	5.0000e-02	1.23536953e-01
-2.0000e+00	1.5000e+00	5.0000e-02	9.57252894e-02
-2.0000e+00	1.6000e+00	5.0000e-02	5.99894796e-02
-2.0000e+00	1.7000e+00	5.0000e-02	2.79696204e-02
-2.0000e+00	1.8000e+00	5.0000e-02	8.75909858e-02
-2.0000e+00	1.9000e+00	5.0000e-02	3.42300676e-02
-1.9000e+00	-2.0000e+00	5.0000e-02	4.72124241e-02
-1.9000e+00	-1.9000e+00	5.0000e-02	4.35318195e-02
-1.9000e+00	-1.8000e+00	5.0000e-02	5.70168689e-02
-1.9000e+00	-1.7000e+00	5.0000e-02	4.81314790e-02
-1.9000e+00	-1.6000e+00	5.0000e-02	6.25786747e-02
-1.9000e+00	-1.5000e+00	5.0000e-02	6.03707380e-02
-1.9000e+00	-1.4000e+00	5.0000e-02	7.64579787e-02
-1.9000e+00	-1.3000e+00	5.0000e-02	1.25144097e-01
-1.9000e+00	-1.2000e+00	5.0000e-02	1.14562004e-01
-1.9000e+00	-1.1000e+00	5.0000e-02	9.89481889e-02
-1.9000e+00	-1.0000e+00	5.0000e-02	1.28788722e-01
-1.9000e+00	-9.0000e-01	5.0000e-02	1.97344743e-01
-1.9000e+00	-8.0000e-01	5.0000e-02	1.40798360e-01
-1.9000e+00	-7.0000e-01	5.0000e-02	1.60179264e-01
-1.9000e+00	-6.0000e-01	5.0000e-02	2.16016039e-01
-1.9000e+00	-5.0000e-01	5.0000e-02	2.79805102e-01
-1.9000e+00	-4.0000e-01	5.0000e-02	2.70745855e-01
-1.9000e+00	-3.0000e-01	5.0000e-02	2.99832464e-01
-1.9000e+00	-2.0000e-01	5.0000e-02	3.01776322e-01
-1.9000e+00	-1.0000e-01	5.0000e-02	3.30389239e-01
-1.9000e+00	-2.7756e-16	5.0000e-02	3.35531675e-01
-1.9000e+00	1.0000e-01	5.0000e-02	3.36395245e-01
-1.9000e+00	2.0000e-01	5.0000e-02	3.19845052e-01
-1.9000e+00	3.0000e-01	5.0000e-02	3.32210823e-01
-1.9000e+00	4.0000e-01	5.0000e-02	2.88228990e-01
-1.9000e+00	5.0000e-01	5.0000e-02	2.62758445e-01
-1.9000e+00	6.0000e-01	5.0000e-02	2.07566330e-01
-1.9000e+00	7.0000e-01	5.0000e-02	2.44370503e-01
-1.9000e+00	8.0000e-01	5.0000e-02	1.56008188e-01
-1.9000e+00	9.0000e-01	5.0000e-02	1.78995146e-01
-1.9000e+00	1.0000e+00	5.0000e-02	1.24241547e-01
-1.9000e+00	1.1000e+00	5.0000e-02	1.57412585e-01
-1.9000e+00	1.2000e+00	5.0000e-02	8.93138464e-02
-1.9000e+00	1.3000e+00	5.0000e-02	1.00702979e-01
-1.9000e+00	1.4000e+00	5.0000e-02	1.05768554e-01
-1.9000e+00	1.5000e+00	5.0000e-02	9.54619756e-02
-1.9000e+00	1.6000e+00	5.0000e-02	8.98880017e-02
-1.9000e+00	1.7000e+00	5.0000e-02	8.15987729e-02
-1.9000e+00	1.8000e+00	5.0000e-02	9.37124984e-02
-1.9000e+00	1.9000e+00	5.0000e-02	9.03127555e-02
-1.8000e+00	-2.0000e+00	5.0000e-02	5.19301483e-02
-1.8000e+00	-1.9000e+00	5.0000e-02	5.52866457e-02
-1.8000e+00	-1.8000e+00	5.0000e-02	8.94449644e-02
-1.8000e+00	-1.7000e+00	5.0000e-02	1.05869785e-01
-1.8000e+00	-1.6000e+00	5.0000e-02	6.56012169e-02
-1.8000e+00	-1.5000e+00	5.0000e-02	5.59651521e-02
-1.8000e+00	-1.4000e+00	5.0000e-02	5.85031411e-02
-1.8000e+00	-1.3000e+00	5.0000e-02	9.67400117e-02
-1.8000e+00	-1.2000e+00	5.0000e-02	1.52974763e-01
-1.8000e+00	-1.1000e+00	5.0000e-02	1.39264644e-01
-1.8000e+00	-1.0000e+00	5.0000e-02	2.33690340e-01
-1.8000e+00	-9.0000e-01	5.0000e-02	1.79639336e-01
-1.8000e+00	-8.0000e-01	5.0000e-02	1.69081933e-01
-1.8000e+00	-7.0000e-01	5.0000e-02	1.96899651e-01
-1.8000e+00	-6.0000e-01	5.0000e-02	2.72578861e-01
-1.8000e+00	-5.0000e-01	5.0000e-02	3.04346584e-01
-1.8000e+00	-4.0000e-01	5.0000e-02	2.94970967e-01
-1.8000e+00	-3.0000e-01	5.0000e-02	3.01126859e-01
-1.8000e+00	-2.0000e-01	5.0000e-02	3.56769552e-01
-1.8000e+00	-1.0000e-01	5.0000e-02	4.11540130e-01
-1.8000e+00	-2.7756e-16	5.0000e-02	3.96045192e-01
-1.8000e+00	1.0000e-01	5.0000e-02	3.65604352e-01
-1.8000e+00	2.0000e-01	5.0000e-02	3.48197502e-01
-1.8000e+00	3.0000e-01	5.0000e-02	3.06823870e-01
-1.8000e+00	4.0000e-01	5.0000e-02	2.84561064e-01
-1.8000e+00	5.0000e-01	5.0000e-02	3.31346799e-01
-1.8000e+00	6.0000e-01	5.0000e-02	2.93161520e-01
-1.8000e+00	7.0000e-01	5.0000e-02	2.74053564e-01
-1.8000e+00	8.0000e-01	5.0000e-02	2.38079252e-01
-1.8000e+00	9.0000e-01	5.0000e-02	2.01854011e-01
-1.8000e+00	1.0000e+00	5.0000e-02	1.75295503e-01
-1.8000e+00	1.1000e+00	5.0000e-02	1.86880326e-01
-1.8000e+00	1.2000e+00	5.0000e-02	1.27141741e-01
-1.8000e+00	1.3000e+00	5.0000e-02	1.24980085e-01
-1.8000e+00	1.4000e+00	5.0000e-02	5.08621364e-02
-1.8000e+00	1.5000e+00	5.0000e-02	6.75264952e-02
-1.8000e+00	1.6000e+00	5.0000e-02	1.17893987e-01
-1.8000e+00	1.7000e+00	5.0000e-02	5.56163083e-02
-1.8000e+00	1.8000e+00	5.0000e-02	5.79375569e-02
-1.8000e+00	1.9000e+00	5.0000e-02	7.41838403e-02
-1.7000e+00	-2.0000e+00	5.0000e-02	6.96763397e-02
-1.7000e+00	-1.9000e+00	5.0000e-02	7.05827525e-02
-1.7000e+00	-1.8000e+00	5.0000e-02	1.10961454e-01
-1.7000e+00	-1.7000e+00	5.0000e-02	8.60540212e-02
-1.7000e+00	-1.6000e+00	5.0000e-02	1.06429812e-01
-1.7000e+00	-1.5000e+00	5.0000e-02	8.85443745e-02
-1.7000e+00	-1.4000e+00	5.0000e-02	1.12041688e-01
-1.7000e+00	-1.3000e+00	5.0000e-02	1.28117246e-01
-1.7000e+00	-1.2000e+00	5.0000e-02	1.71151163e-01
-1.7000e+00	-1.1000e+00	5.0000e-02	1.38700419e-01
-1.7000e+00	-1.0000e+00	5.0000e-02	1.95120757e-01
-1.7000e+00	-9.0000e-01	5.0000e-02	1.89880137e-01
-1.7000e+00	-8.0000e-01	5.0000e-02	2.37744071e-01
-1.7000e+00	-7.0000e-01	5.0000e-02	2.70031114e-01
-1.7000e+00	-6.0000e-01	5.0000e-02	2.99994443e-01
-1.7000e+00	-5.0000e-01	5.0000e-02	3.50546313e-01
-1.7000e+00	-4.0000e-01	5.0000e-02	4.04732542e-01
-1.7000e+00	-3.0000e-01	5.0000e-02	4.25464553e-01
-1.7000e+00	-2.0000e-01	5.0000e-02	4.63463005e-01
-1.7000e+00	-1.0000e-01	5.0000e-02	4.53089434e-01
-1.7000e+00	-2.7756e-16	5.0000e-02	4.61937699e-01
-1.7000e+00	1.0000e-01	5.0000e-02	4.61135188e-01
-1.7000e+00	2.0000e-01	5.0000e-02	4.37186731e-01
-1.7000e+00	3.0000e-01	5.0000e-02	4.48677191e-01
-1.7000e+00	4.0000e-01	5.0000e-02	3.64957053e-01
-1.7000e+00	5.0000e-01	5.0000e-02	3.43299763e-01
-1.7000e+00	6.0000e-01	5.0000e-02	2.75225628e-01
-1.7000e+00	7.0000e-01	5.0000e-02	2.56216211e-01
-1.7000e+00	8.0000e-01	5.0000e-02	2.95955889e-01
-1.7000e+00	9.0000e-01	5.0000e-02	2.11062750e-01
-1.7000e+00	1.0000e+00	5.0000e-02	1.65209210e-01
-1.7000e+00	1.1000e+00	5.0000e-02	1.39984535e-01
-1.7000e+00	1.2000e+00	5.0000e-02	1.61121974e-01
-1.7000e+00	1.3000e+00	5.0000e-02	1.53431693e-01
-1.7000e+00	1.4000e+00	5.0000e-02	1.43190798e-01
-1.7000e+00	1.5000e+00	5.0000e-02	9.04541073e-02
-1.7000e+00	1.6000e+00	5.0000e-02	1.16852141e-01
-1.7000e+00	1.7000e+00	5.0000e-02	1.00599255e-01
-1.7000e+00	1.8000e+00	5.0000e-02	8.15088878e-02
-1.7000e+00	1.9000e+00	5.0000e-02	7.24583528e-02
-1.6000e+00	-2.0000e+00	5.0000e-02	8.15794451e-02
-1.6000e+00	-1.9000e+00	5.0000e-02	8.89689107e-02
-1.6000e+00	-1.8000e+00	5.0000e-02	8.90066875e-02
-1.6000e+00	-1.7000e+00	5.0000e-02	5.59200949e-02
-1.6000e+00	-1.6000e+00	5.0000e-02	8.46685278e-02
-1.6000e+00	-1.5000e+00	5.0000e-02	6.69409754e-02
-1.6000e+00	-1.4000e+00	5.0000e-02	1.11760918e-01
-1.6000e+00	-1.3000e+00	5.0000e-02	1.67532442e-01
-1.6000e+00	-1.2000e+00	5.0000e-02	1.08274283e-01
-1.6000e+00	-1.1000e+00	5.0000e-02	2.18374871e-01
-1.6000e+00	-1.0000e+00	5.0000e-02	1.54663419e-01
-1.6000e+00	-9.0000e-01	5.0000e-02	2.75922115e-01
-1.6000e+00	-8.0000e-01	5.0000e-02	2.92099146e-01
-1.6000e+00	-7.0000e-01	5.0000e-02	3.44298690e-01
-1.6000e+00	-6.0000e-01	5.0000e-02	3.87543894e-01
-1.6000e+00	-5.0000e-01	5.0000e-02	4.10854744e-01
-1.6000e+00	-4.0000e-01	5.0000e-02	4.36349296e-01
-1.6000e+00	-3.0000e-01	5.0000e-02	4.80134282e-01
-1.6000e+00	-2.0000e-01	5.0000e-02	5.32429756e-01
-1.6000e+00	-1.0000e-01	5.0000e-02	5.45454320e-01
-1.6000e+00	-2.7756e-16	5.0000e-02	5.50859968e-01
-1.6000e+00	1.0000e-01	5.0000e-02	5.87091547e-01
-1.6000e+00	2.0000e-01	5.0000e-02	5.30347689e-01
-1.6000e+00	3.0000e-01	5.0000e-02	4.92600734e-01
-1.6000e+00	4.0000e-01	5.0000e-02	4.65968823e-01
-1.6000e+00	5.0000e-01	5.0000e-02	4.21445525e-01
-1.6000e+00	6.0000e-01	5.0000e-02	3.68789640e-01
-1.6000e+00	7.0000e-01	5.0000e-02	3.19114912e-01
-1.6000e+00	8.0000e-01	5.0000e-02	2.46405605e-01
-1.6000e+00	9.0000e-01	5.0000e-02	2.36152879e-01
-1.6000e+00	1.0000e+00	5.0000e-02	1.84101079e-01
-1.6000e+00	1.1000e+00	5.0000e-02	1.55128755e-01
-1.6000e+00	1.2000e+00	5.0000e-02	1.97864238e-01
-1.6000e+00	1.3000e+00	5.0000e-02	1.15003707e-01
-1.6000e+00	1.4000e+00	5.0000e-02	1.68707192e-01
-1.6000e+00	1.5000e+00	5.0000e-02	9.66073130e-02
-1.6000e+00	1.6000e+00	5.0000e-02	7.36869784e-02
-1.6000e+00	1.7000e+00	5.0000e-02	8.61309082e-02
-1.6000e+00	1.8000e+00	5.0000e-02	8.43979990e-02
-1.6000e+00	1.9000e+00	5.0000e-02	6.79036673e-02
-1.5000e+00	-2.0000e+00	5.0000e-02	7.71668046e-02
-1.5000e+00	-1.9000e+00	5.0000e-02	9.29366079e-02
-1.5000e+00	-1.8000e+00	5.0000e-02	1.25020547e-01
-1.5000e+00	-1.7000e+00	5.0000e-02	7.19050186e-02
-1.5000e+00	-1.6000e+00	5.0000e-02	1.14730444e-01
-1.5000e+00	-1.5000e+00	5.0000e-02	1.34283410e-01
-1.5000e+00	-1.4000e+00	5.0000e-02	1.75015300e-01
-1.5000e+00	-1.3000e+00	5.0000e-02	1.67545892e-01
-1.5000e+00	-1.2000e+00	5.0000e-02	1.79700799e-01
-1.5000e+00	-1.1000e+00	5.0000e-02	2.21007854e-01
-1.5000e+00	-1.0000e+00	5.0000e-02	2.76943452e-01
-1.5000e+00	-9.0000e-01	5.0000e-02	2.96759144e-01
-1.5000e+00	-8.0000e-01	5.0000e-02	3.19190382e-01
-1.5000e+00	-7.0000e-01	5.0000e-02	3.51659831e-01
-1.5000e+00	-6.0000e-01	5.0000e-02	4.01631817e-01
-1.5000e+00	-5.0000e-01	5.0000e-02	4.21435125e-01
-1.5000e+00	-4.0000e-01	5.0000e-02	4.93028849e-01
-1.5000e+00	-3.0000e-01	5.0000e-02	6.00113468e-01
-1.5000e+00	-2.0000e-01	5.0000e-02	6.03601257e-01
-1.5000e+00	-1.0000e-01	5.0000e-02	6.81517510e-01
-1.5000e+00	-2.7756e-16	5.0000e-02	7.15139465e-01
-1.5000e+00	1.0000e-01	5.0000e-02	6.79496776e-01
-1.5000e+00	2.0000e-01	5.0000e-02	6.39935051e-01
-1.5000e+00	3.0000e-01	5.0000e-02	5.97874155e-01
-1.5000e+00	4.0000e-01	5.0000e-02	5.50983793e-01
-1.5000e+00	5.0000e-01	5.0000e-02	4.75420455e-01
-1.5000e+00	6.0000e-01	5.0000e-02	3.78687946e-01
-1.5000e+00	7.0000e-01	5.0000e-02	3.24644637e-01
-1.5000e+00	8.0000e-01	5.0000e-02	3.57752590e-01
-1.5000e+00	9.0000e-01	5.0000e-02	3.13502737e-01
-1.5000e+00	1.0000e+00	5.0000e-02	2.12791592e-01
-1.5000e+00	1.1000e+00	5.0000e-02	1.86575735e-01
-1.5000e+00	1.2000e+00	5.0000e-02	2.16029490e-01
-1.5000e+00	1.3000e+00	5.0000e-02	1.45486581e-01
-1.5000e+00	1.4000e+00	5.0000e-02	1.15853023e-01
-1.5000e+00	1.5000e+00	5.0000e-02	1.32709340e-01
-1.5000e+00	1.6000e+00	5.0000e-02	1.62976488e-01
-1.5000e+00	1.7000e+00	5.0000e-02	1.07699337e-01
-1.5000e+00	1.8000e+00	5.0000e-02	1.06246035e-01
-1.5000e+00	1.9000e+00	5.0000e-02	1.34162876e-01
-1.4000e+00	-2.0000e+00	5.0000e-02	9.24359857e-02
-1.4000e+00	-1.9000e+00	5.0000e-02	7.38731403e-02
-1.4000e+00	-1.8000e+00	5.0000e-02	6.02343560e-02
-1.4000e+00	-1.7000e+00	5.0000e-02	1.09471777e-01
-1.4000e+00	-1.6000e+00	5.0000e-02	1.10946866e-01
-1.4000e+00	-1.5000e+00	5.0000e-02	1.72139758e-01
-1.4000e+00	-1.4000e+00	5.0000e-02	1.42861672e-01
-1.4000e+00	-1.3000e+00	5.0000e-02	1.44565422e-01
-1.4000e+00	-1.2000e+00	5.0000e-02	1.94535796e-01
-1.4000e+00	-1.1000e+00	5.0000e-02	2.41791604e-01
-1.4000e+00	-1.0000e+00	5.0000e-02	2.87387468e-01
-1.4000e+00	-9.0000e-01	5.0000e-02	2.90689803e-01
-1.4000e+00	-8.0000e-01	5.0000e-02	3.54812861e-01
-1.4000e+00	-7.0000e-01	5.0000e-02	3.79032086e-01
-1.4000e+00	-6.0000e-01	5.0000e-02	4.20854985e-01
-1.4000e+00	-5.0000e-01	5.0000e-02	5.19547199e-01
-1.4000e+00	-4.0000e-01	5.0000e-02	6.08618481e-01
-1.4000e+00	-3.0000e-01	5.0000e-02	7.44347873e-01
-1.4000e+00	-2.0000e-01	5.0000e-02	7.86597568e-01
-1.4000e+00	-1.0000e-01	5.0000e-02	8.27111619e-01
-1.4000e+00	-2.7756e-16	5.0000e-02	8.21135388e-01
-1.4000e+00	1.0000e-01	5.0000e-02	8.24753900e-01
-1.4000e+00	2.0000e-01	5.0000e-02	7.91291285e-01
-1.4000e+00	3.0000e-01	5.0000e-02	7.60616105e-01
-1.4000e+00	4.0000e-01	5.0000e-02	6.27915238e-01
-1.4000e+00	5.0000e-01	5.0000e-02	5.69087553e-01
-1.4000e+00	6.0000e-01	5.0000e-02	4.78639637e-01
-1.4000e+00	7.0000e-01	5.0000e-02	4.19147111e-01
-1.4000e+00	8.0000e-01	5.0000e-02	3.65042104e-01
-1.4000e+00	9.0000e-01	5.0000e-02	2.99948329e-01
-1.4000e+00	1.0000e+00	5.0000e-02	2.42508294e-01
-1.4000e+00	1.1000e+00	5.0000e-02	2.88117984e-01
-1.4000e+00	1.2000e+00	5.0000e-02	1.84827566e-01
-1.4000e+00	1.3000e+00	5.0000e-02	1.71999778e-01
-1.4000e+00	1.4000e+00	5.0000e-02	1.16894598e-01
-1.4000e+00	1.5000e+00	5.0000e-02	9.93375128e-02
-1.4000e+00	1.6000e+00	5.0000e-02	9.64851248e-02
-1.4000e+00	1.7000e+00	5.0000e-02	7.23946921e-02
-1.4000e+00	1.8000e+00	5.0000e-02	9.87167470e-02
-1.4000e+00	1.9000e+00	5.0000e-02	9.85308990e-02
-1.3000e+00	-2.0000e+00	5.0000e-02	1.14676745e-01
-1.3000e+00	-1.9000e+00	5.0000e-02	1.04845984e-01
-1.3000e+00	-1.8000e+00	5.0000e-02	8.04713322e-02
-1.3000e+00	-1.7000e+00	5.0000e-02	5.94753150e-02
-1.3000e+00	-1.6000e+00	5.0000e-02	1.28501649e-01
-1.3000e+00	-1.5000e+00	5.0000e-02	1.33169961e-01
-1.3000e+00	-1.4000e+00	5.0000e-02	1.73164517e-01
-1.3000e+00	-1.3000e+00	5.0000e-02	1.73479133e-01
-1.3000e+00	-1.2000e+00	5.0000e-02	2.53291242e-01
-1.3000e+00	-1.1000e+00	5.0000e-02	2.56974244e-01
-1.3000e+00	-1.0000e+00	5.0000e-02	2.58887585e-01
-1.3000e+00	-9.0000e-01	5.0000e-02	3.29134797e-01
-1.3000e+00	-8.0000e-01	5.0000e-02	4.14101559e-01
-1.3000e+00	-7.0000e-01	5.0000e-02	5.00198274e-01
-1.3000e+00	-6.0000e-01	5.0000e-02	5.52156517e-01
-1.3000e+00	-5.0000e-01	5.0000e-02	6.23985563e-01
-1.3000e+00	-4.0000e-01	5.0000e-02	7.23255876e-01
-1.3000e+00	-3.0000e-01	5.0000e-02	7.96371552e-01
-1.3000e+00	-2.0000e-01	5.0000e-02	9.13856582e-01
-1.3000e+00	-1.0000e-01	5.0000e-02	1.05090499e+00
-1.3000e+00	-2.7756e-16	5.0000e-02	9.57307944e-01
-1.3000e+00	1.0000e-01	5.0000e-02	9.75076185e-01
-1.3000e+00	2.0000e-01	5.0000e-02	9.53258114e-01
-1.3000e+00	3.0000e-01	5.0000e-02	8.40942276e-01
-1.3000e+00	4.0000e-01	5.0000e-02	7.07963971e-01
-1.3000e+00	5.0000e-01	5.0000e-02	6.05212818e-01
-1.3000e+00	6.0000e-01	5.0000e-02	5.24321840e-01
-1.3000e+00	7.0000e-01	5.0000e-02	4.51696142e-01
-1.3000e+00	8.0000e-01	5.0000e-02	4.56236541e-01
-1.3000e+00	9.0000e-01	5.0000e-02	3.19078804e-01
-1.3000e+00	1.0000e+00	5.0000e-02	2.92508407e-01
-1.3000e+00	1.1000e+00	5.0000e-02	2.19425486e-01
-1.3000e+00	1.2000e+00	5.0000e-02	1.56517216e-01
-1.3000e+00	1.3000e+00	5.0000e-02	1.92086577e-01
-1.3000e+00	1.4000e+00	5.0000e-02	1.85323334e-01
-1.3000e+00	1.5000e+00	5.0000e-02	1.48466865e-01
-1.3000e+00	1.6000e+00	5.0000e-02	1.52756614e-01
-1.3000e+00	1.7000e+00	5.0000e-02	9.86623183e-02
-1.3000e+00	1.8000e+00	5.0000e-02	8.06056306e-02
-1.3000e+00	1.9000e+00	5.0000e-02	6.78475721e-02
-1.2000e+00	-2.0000e+00	5.0000e-02	9.31335256e-02
-1.2000e+00	-1.9000e+00	5.0000e-02	1.54184780e-01
-1.2000e+00	-1.8000e+00	5.0000e-02	7.40740617e-02
-1.2000e+00	-1.7000e+00	5.0000e-02	1.07530534e-01
-1.2000e+00	-1.6000e+00	5.0000e-02	1.59234115e-01
-1.2000e+00	-1.5000e+00	5.0000e-02	8.51562471e-02
-1.2000e+00	-1.4000e+00	5.0000e-02	2.25124763e-01
-1.2000e+00	-1.3000e+00	5.0000e-02	1.82783165e-01
-1.2000e+00	-1.2000e+00	5.0000e-02	2.00417465e-01
-1.2000e+00	-1.1000e+00	5.0000e-02	2.52719572e-01
-1.2000e+00	-1.0000e+00	5.0000e-02	2.99553473e-01
-1.2000e+00	-9.0000e-01	5.0000e-02	3.76693743e-01
-1.2000e+00	-8.0000e-01	5.0000e-02	4.04157245e-01
-1.2000e+00	-7.0000e-01	5.0000e-02	4.85470965e-01
-1.2000e+00	-6.0000e-01	5.0000e-02	6.06980958e-01
-1.2000e+00	-5.0000e-01	5.0000e-02	7.02957707e-01
-1.2000e+00	-4.0000e-01	5.0000e-02	8.11564873e-01
-1.2000e+00	-3.0000e-01	5.0000e-02	9.12907915e-01
-1.2000e+00	-2.0000e-01	5.0000e-02	1.03511552e+00
-1.2000e+00	-1.0000e-01	5.0000e-02	1.18567721e+00
-1.2000e+00	-2.7756e-16	5.0000e-02	1.19453488e+00
-1.2000e+00	1.0000e-01	5.0000e-02	1.10877085e+00
-1.2000e+00	2.0000e-01	5.0000e-02	1.01007553e+00
-1.2000e+00	3.0000e-01	5.0000e-02	9.56053756e-01
-1.2000e+00	4.0000e-01	5.0000e-02	7.74825923e-01
-1.2000e+00	5.0000e-01	5.0000e-02	7.23881463e-01
-1.2000e+00	6.0000e-01	5.0000e-02	5.71851599e-01
-1.2000e+00	7.0000e-01	5.0000e-02	4.68760412e-01
-1.2000e+00	8.0000e-01	5.0000e-02	3.95764590e-01
-1.2000e+00	9.0000e-01	5.0000e-02	3.40402960e-01
-1.2000e+00	1.0000e+00	5.0000e-02	3.08835302e-01
-1.2000e+00	1.1000e+00	5.0000e-02	2.39320583e-01
-1.2000e+00	1.2000e+00	5.0000e-02	2.21316496e-01
-1.2000e+00	1.3000e+00	5.0000e-02	1.73554828e-01
-1.2000e+00	1.4000e+00	5.0000e-02	1.63477275e-01
-1.2000e+00	1.5000e+00	5.0000e-02	1.28149272e-01
-1.2000e+00	1.6000e+00	5.0000e-02	1.33275767e-01
-1.2000e+00	1.7000e+00	5.0000e-02	1.21202675e-01
-1.2000e+00	1.8000e+00	5.0000e-02	7.58424602e-02
-1.2000e+00	1.9000e+00	5.0000e-02	1.01378270e-01
-1.1000e+00	-2.0000e+00	5.0000e-02	1.14128015e-01
-1.1000e+00	-1.9000e+00	5.0000e-02	1.00183972e-01
-1.1000e+00	-1.8000e+00	5.0000e-02	9.24037642e-02
-1.1000e+00	-1.7000e+00	5.0000e-02	1.25147741e-01
-1.1000e+00	-1.6000e+00	5.0000e-02	1.38961391e-01
-1.1000e+00	-1.5000e+00	5.0000e-02	1.27566207e-01
-1.1000e+00	-1.4000e+00	5.0000e-02	1.92481847e-01
-1.1000e+00	-1.3000e+00	5.0000e-02	2.14868584e-01
-1.1000e+00	-1.2000e+00	5.0000e-02	2.13306767e-01
-1.1000e+00	-1.1000e+00	5.0000e-02	2.69773676e-01
-1.1000e+00	-1.0000e+00	5.0000e-02	3.41243781e-01
-1.1000e+00	-9.0000e-01	5.0000e-02	3.60280486e-01
-1.1000e+00	-8.0000e-01	5.0000e-02	4.70559968e-01
-1.1000e+00	-7.0000e-01	5.0000e-02	5.38586081e-01
-1.1000e+00	-6.0000e-01	5.0000e-02	5.88159183e-01
-1.1000e+00	-5.0000e-01	5.0000e-02	7.34090086e-01
-1.1000e+00	-4.0000e-01	5.0000e-02	8.97103119e-01
-1.1000e+00	-3.0000e-01	5.0000e-02	1.01701510e+00
-1.1000e+00	-2.0000e-01	5.0000e-02	1.13066463e+00
-1.1000e+00	-1.0000e-01	5.0000e-02	1.24089876e+00
-1.1000e+00	-2.7756e-16	5.0000e-02	1.28862722e+00
-1.1000e+00	1.0000e-01	5.0000e-02	1.26863768e+00
-1.1000e+00	2.0000e-01	5.0000e-02	1.10699079e+00
-1.1000e+00	3.0000e-01	5.0000e-02	1.02406882e+00
-1.1000e+00	4.0000e-01	5.0000e-02	8.74257185e-01
-1.1000e+00	5.0000e-01	5.0000e-02	7.52699156e-01
-1.1000e+00	6.0000e-01	5.0000e-02	5.77106672e-01
-1.1000e+00	7.0000e-01	5.0000e-02	5.60557653e-01
-1.1000e+00	8.0000e-01	5.0000e-02	4.56468393e-01
-1.1000e+00	9.0000e-01	5.0000e-02	4.22215439e-01
-1.1000e+00	1.0000e+00	5.0000e-02	3.04657203e-01
-1.1000e+00	1.1000e+00	5.0000e-02	3.06077012e-01
-1.1000e+00	1.2000e+00	5.0000e-02	2.43605425e-01
-1.1000e+00	1.3000e+00	5.0000e-02	2.05413470e-01
-1.1000e+00	1.4000e+00	5.0000e-02	1.64475219e-01
-1.1000e+00	1.5000e+00	5.0000e-02	1.53881259e-01
-1.1000e+00	1.6000e+00	5.0000e-02	8.15548648e-02
-1.1000e+00	1.7000e+00	5.0000e-02	1.05911858e-01
-1.1000e+00	1.8000e+00	5.0000e-02	1.47443906e-01
-1.1000e+00	1.9000e+00	5.0000e-02	7.57582789e-02
-1.0000e+00	-2.0000e+00	5.0000e-02	1.14855691e-01
-1.0000e+00	-1.9000e+00	5.0000e-02	1.03303226e-01
-1.0000e+00	-1.8000e+00	5.0000e-02	5.55535456e-02
-1.0000e+00	-1.7000e+00	5.0000e-02	1.13543810e-01
-1.0000e+00	-1.6000e+00	5.0000e-02	1.40273099e-01
-1.0000e+00	-1.5000e+00	5.0000e-02	1.69592582e-01
-1.0000e+00	-1.4000e+00	5.0000e-02	1.59653893e-01
-1.0000e+00	-1.3000e+00	5.0000e-02	2.10926064e-01
-1.0000e+00	-1.2000e+00	5.0000e-02	2.57817244e-01
-1.0000e+00	-1.1000e+00	5.0000e-02	3.07628698e-01
-1.0000e+00	-1.0000e+00	5.0000e-02	4.03319292e-01
-1.0000e+00	-9.0000e-01	5.0000e-02	4.29754461e-01
-1.0000e+00	-8.0000e-01	5.0000e-02	4.65807530e-01
-1.0000e+00	-7.0000e-01	5.0000e-02	5.72629675e-01
-1.0000e+00	-6.0000e-01	5.0000e-02	6.73007757e-01
-1.0000e+00	-5.0000e-01	5.0000e-02	7.42951625e-01
-1.0000e+00	-4.0000e-01	5.0000e-02	9.22675805e-01
-1.0000e+00	-3.0000e-01	5.0000e-02	1.10262432e+00
-1.0000e+00	-2.0000e-01	5.0000e-02	1.27012864e+00
-1.0000e+00	-1.0000e-01	5.0000e-02	1.31160783e+00
-1.0000e+00	-2.7756e-16	5.0000e-02	1.35943675e+00
-1.0000e+00	1.0000e-01	5.0000e-02	1.33313480e+00
-1.0000e+00	2.0000e-01	5.0000e-02	1.24215501e+00
-1.0000e+00	3.0000e-01	5.0000e-02	1.08853304e+00
-1.0000e+00	4.0000e-01	5.0000e-02	9.38711834e-01
-1.0000e+00	5.0000e-01	5.0000e-02	8.22635791e-01
-1.0000e+00	6.0000e-01	5.0000e-02	7.16449576e-01
-1.0000e+00	7.0000e-01	5.0000e-02	5.62639603e-01
-1.0000e+00	8.0000e-01	5.0000e-02	4.46808897e-01
-1.0000e+00	9.0000e-01	5.0000e-02	3.83188606e-01
-1.0000e+00	1.0000e+00	5.0000e-02	3.42733019e-01
-1.0000e+00	1.1000e+00	5.0000e-02	2.33957037e-01
-1.0000e+00	1.2000e+00	5.0000e-02	2.07350138e-01
-1.0000e+00	1.3000e+00	5.0000e-02	1.73801697e-01
-1.0000e+00	1.4000e+00	5.0000e-02	1.53401788e-01
-1.0000e+00	1.5000e+00	5.0000e-02	1.28575528e-01
-1.0000e+00	1.6000e+00	5.0000e-02	1.49133377e-01
-1.0000e+00	1.7000e+00	5.0000e-02	1.59474592e-01
-1.0000e+00	1.8000e+00	5.0000e-02	9.97397382e-02
-1.0000e+00	1.9000e+00	5.0000e-02	1.27188438e-01
-9.0000e-01	-2.0000e+00	5.0000e-02	8.86975398e-02
-9.0000e-01	-1.9000e+00	5.0000e-02	9.32514464e-02
-9.0000e-01	-1.8000e+00	5.0000e-02	5.94191131e-02
-9.0000e-01	-1.7000e+00	5.0000e-02	1.33429142e-01
-9.0000e-01	-1.6000e+00	5.0000e-02	1.15382911e-01
-9.0000e-01	-1.5000e+00	5.0000e-02	1.47231382e-01
-9.0000e-01	-1.4000e+00	5.0000e-02	1.80638151e-01
-9.0000e-01	-1.3000e+00	5.0000e-02	2.47598869e-01
-9.0000e-01	-1.2000e+00	5.0000e-02	2.47011251e-01
-9.0000e-01	-1.1000e+00	5.0000e-02	2.91843044e-01
-9.0000e-01	-1.0000e+00	5.0000e-02	3.20827044e-01
-9.0000e-01	-9.0000e-01	5.0000e-02	4.17116413e-01
-9.0000e-01	-8.0000e-01	5.0000e-02	4.44932096e-01
-9.0000e-01	-7.0000e-01	5.0000e-02	5.71826271e-01
-9.0000e-01	-6.0000e-01	5.0000e-02	6.91042396e-01
-9.0000e-01	-5.0000e-01	5.0000e-02	7.66228810e-01
-9.0000e-01	-4.0000e-01	5.0000e-02	9.33711423e-01
-9.0000e-01	-3.0000e-01	5.0000e-02	1.08791204e+00
-9.0000e-01	-2.0000e-01	5.0000e-02	1.21149198e+00
-9.0000e-01	-1.0000e-01	5.0000e-02	1.37891719e+00
-9.0000e-01	-2.7756e-16	5.0000e-02	1.38115246e+00
-9.0000e-01	1.0000e-01	5.0000e-02	1.38164054e+00
-9.0000e-01	2.0000e-01	5.0000e-02	1.24899895e+00
-9.0000e-01	3.0000e-01	5.0000e-02	1.05554324e+00
-9.0000e-01	4.0000e-01	5.0000e-02	9.73050546e-01
-9.0000e-01	5.0000e-01	5.0000e-02	7.81825847e-01
-9.0000e-01	6.0000e-01	5.0000e-02	6.80637748e-01
-9.0000e-01	7.0000e-01	5.0000e-02	6.16282584e-01
-9.0000e-01	8.0000e-01	5.0000e-02	4.93258557e-01
-9.0000e-01	9.0000e-01	5.0000e-02	4.51286498e-01
-9.0000e-01	1.0000e+00	5.0000e-02	3.49156324e-01
-9.0000e-01	1.1000e+00	5.0000e-02	2.72022417e-01
-9.0000e-01	1.2000e+00	5.0000e-02	2.42978760e-01
-9.0000e-01	1.3000e+00	5.0000e-02	2.52041372e-01
-9.0000e-01	1.4000e+00	5.0000e-02	2.26145517e-01
-9.0000e-01	1.5000e+00	5.0000e-02	1.52263474e-01
-9.0000e-01	1.6000e+00	5.0000e-02	1.48312018e-01
-9.0000e-01	1.7000e+00	5.0000e-02	1.41785167e-01
-9.0000e-01	1.8000e+00	5.0000e-02	1.05212420e-01
-9.0000e-01	1.9000e+00	5.0000e-02	1.40610726e-01
-8.0000e-01	-2.0000e+00	5.0000e-02	1.08512908e-01
-8.0000e-01	-1.9000e+00	5.0000e-02	7.63239100e-02
-8.0000e-01	-1.8000e+00	5.0000e-02	1.21816708e-01
-8.0000e-01	-1.7000e+00	5.0000e-02	1.33901781e-01
-8.0000e-01	-1.6000e+00	5.0000e-02	1.49370233e-01
-8.0000e-01	-1.5000e+00	5.0000e-02	1.65833312e-01
-8.0000e-01	-1.4000e+00	5.0000e-02	1.52364474e-01
-8.0000e-01	-1.3000e+00	5.0000e-02	2.20789433e-01
-8.0000e-01	-1.2000e+00	5.0000e-02	2.28884925e-01
-8.0000e-01	-1.1000e+00	5.0000e-02	2.91289489e-01
-8.0000e-01	-1.0000e+00	5.0000e-02	3.63903442e-01
-8.0000e-01	-9.0000e-01	5.0000e-02	4.04469909e-01
-8.0000e-01	-8.0000e-01	5.0000e-02	4.92954807e-01
-8.0000e-01	-7.0000e-01	5.0000e-02	5.54642677e-01
-8.0000e-01	-6.0000e-01	5.0000e-02	7.36951783e-01
-8.0000e-01	-5.0000e-01	5.0000e-02	7.77065790e-01
-8.0000e-01	-4.0000e-01	5.0000e-02	9.78280596e-01
-8.0000e-01	-3.0000e-01	5.0000e-02	1.07185212e+00
-8.0000e-01	-2.0000e-01	5.0000e-02	1.12916859e+00
-8.0000e-01	-1.0000e-01	5.0000e-02	1.31603133e+00
-8.0000e-01	-2.7756e-16	5.0000e-02	1.31526212e+00
-8.0000e-01	1.0000e-01	5.0000e-02	1.25570711e+00
-8.0000e-01	2.0000e-01	5.0000e-02	1.17541670e+00
-8.0000e-01	3.0000e-01	5.0000e-02	1.10304865e+00
-8.0000e-01	4.0000e-01	5.0000e-02	9.00063068e-01
-8.0000e-01	5.0000e-01	5.0000e-02	7.92920444e-01
-8.0000e-01	6.0000e-01	5.0000e-02	6.90926106e-01
-8.0000e-01	7.0000e-01	5.0000e-02	6.16373262e-01
-8.0000e-01	8.0000e-01	5.0000e-02	4.78063808e-01
-8.0000e-01	9.0000e-01	5.0000e-02	3.78222661e-01
-8.0000e-01	1.0000e+00	5.0000e-02	3.36051411e-01
-8.0000e-01	1.1000e+00	5.0000e-02	3.20249782e-01
-8.0000e-01	1.2000e+00	5.0000e-02	2.80458046e-01
-8.0000e-01	1.3000e+00	5.0000e-02	2.47044389e-01
-8.0000e-01	1.4000e+00	5.0000e-02	1.94700338e-01
-8.0000e-01	1.5000e+00	5.0000e-02	1.92076166e-01
-8.0000e-01	1.6000e+00	5.0000e-02	1.94042053e-01
-8.0000e-01	1.7000e+00	5.0000e-02	1.31795670e-01
-8.0000e-01	1.8000e+00	5.0000e-02	1.27565847e-01
-8.0000e-01	1.9000e+00	5.0000e-02	9.60722428e-02
-7.0000e-01	-2.0000e+00	5.0000e-02	4.37105995e-02
-7.0000e-01	-1.9000e+00	5.0000e-02	9.33486140e-02
-7.0000e-01	-1.8000e+00	5.0000e-02	1.65772153e-01
-7.0000e-01	-1.7000e+00	5.0000e-02	1.04416567e-01
-7.0000e-01	-1.6000e+00	5.0000e-02	1.34599186e-01
-7.0000e-01	-1.5000e+00	5.0000e-02	1.67387898e-01
-7.0000e-01	-1.4000e+00	5.0000e-02	1.83488318e-01
-7.0000e-01	-1.3000e+00	5.0000e-02	2.68765504e-01
-7.0000e-01	-1.2000e+00	5.0000e-02	2.64517004e-01
-7.0000e-01	-1.1000e+00	5.0000e-02	2.91586168e-01
-7.0000e-01	-1.0000e+00	5.0000e-02	3.88656250e-01
-7.0000e-01	-9.0000e-01	5.0000e-02	4.48631002e-01
-7.0000e-01	-8.0000e-01	5.0000e-02	4.42228084e-01
-7.0000e-01	-7.0000e-01	5.0000e-02	5.27868786e-01
-7.0000e-01	-6.0000e-01	5.0000e-02	6.56625604e-01
-7.0000e-01	-5.0000e-01	5.0000e-02	8.14087128e-01
-7.0000e-01	-4.0000e-01	5.0000e-02	8.69954364e-01
-7.0000e-01	-3.0000e-01	5.0000e-02	1.06476112e+00
-7.0000e-01	-2.0000e-01	5.0000e-02	1.14270892e+00
-7.0000e-01	-1.0000e-01	5.0000e-02	1.22000601e+00
-7.0000e-01	-2.7756e-16	5.0000e-02	1.25919140e+00
-7.0000e-01	1.0000e-01	5.0000e-02	1.18696982e+00
-7.0000e-01	2.0000e-01	5.0000e-02	1.12868556e+00
-7.0000e-01	3.0000e-01	5.0000e-02	1.03428408e+00
-7.0000e-01	4.0000e-01	5.0000e-02	8.90245099e-01
-7.0000e-01	5.0000e-01	5.0000e-02	7.93110105e-01
-7.0000e-01	6.0000e-01	5.0000e-02	6.67657115e-01
-7.0000e-01	7.0000e-01	5.0000e-02	5.99335970e-01
-7.0000e-01	8.0000e-01	5.0000e-02	5.31610463e-01
-7.0000e-01	9.0000e-01	5.0000e-02	3.80688772e-01
-7.0000e-01	1.0000e+00	5.0000e-02	3.31049323e-01
-7.0000e-01	1.1000e+00	5.0000e-02	2.84851200e-01
-7.0000e-01	1.2000e+00	5.0000e-02	2.48863900e-01
-7.0000e-01	1.3000e+00	5.0000e-02	2.30795396e-01
-7.0000e-01	1.4000e+00	5.0000e-02	2.33459400e-01
-7.0000e-01	1.5000e+00	5.0000e-02	2.18122325e-01
-7.0000e-01	1.6000e+00	5.0000e-02	1.37615557e-01
-7.0000e-01	1.7000e+00	5.0000e-02	1.25181414e-01
-7.0000e-01	1.8000e+00	5.0000e-02	1.14049232e-01
-7.0000e-01	1.9000e+00	5.0000e-02	1.39151417e-01
-6.0000e-01	-2.0000e+00	5.0000e-02	1.31834924e-01
-6.0000e-01	-1.9000e+00	5.0000e-02	8.29350705e-02
-6.0000e-01	-1.8000e+00	5.0000e-02	7.25284580e-02
-6.0000e-01	-1.7000e+00	5.0000e-02	1.60000413e-01
-6.0000e-01	-1.6000e+00	5.0000e-02	1.44490632e-01
-6.0000e-01	-1.5000e+00	5.0000e-02	2.07085044e-01
-6.0000e-01	-1.4000e+00	5.0000e-02	1.83670599e-01
-6.0000e-01	-1.3000e+00	5.0000e-02	2.27867866e-01
-6.0000e-01	-1.2000e+00	5.0000e-02	2.78036272e-01
-6.0000e-01	-1.1000e+00	5.0000e-02	2.61279706e-01
-6.0000e-01	-1.0000e+00	5.0000e-02	4.27881642e-01
-6.0000e-01	-9.0000e-01	5.0000e-02	3.92311024e-01
-6.0000e-01	-8.0000e-01	5.0000e-02	5.12244077e-01
-6.0000e-01	-7.0000e-01	5.0000e-02	5.67209056e-01
-6.0000e-01	-6.0000e-01	5.0000e-02	6.01733596e-01
-6.0000e-01	-5.0000e-01	5.0000e-02	8.04635488e-01
-6.0000e-01	-4.0000e-01	5.0000e-02	8.55433636e-01
-6.0000e-01	-3.0000e-01	5.0000e-02	9.59836659e-01
-6.0000e-01	-2.0000e-01	5.0000e-02	1.06376654e+00
-6.0000e-01	-1.0000e-01	5.0000e-02	1.18953317e+00
-6.0000e-01	-2.7756e-16	5.0000e-02	1.16126430e+00
-6.0000e-01	1.0000e-01	5.0000e-02	1.11952607e+00
-6.0000e-01	2.0000e-01	5.0000e-02	1.10919789e+00
-6.0000e-01	3.0000e-01	5.0000e-02	9.76879708e-01
-6.0000e-01	4.0000e-01	5.0000e-02	8.04664933e-01
-6.0000e-01	5.0000e-01	5.0000e-02	7.31140895e-01
-6.0000e-01	6.0000e-01	5.0000e-02	6.98058884e-01
-6.0000e-01	7.0000e-01	5.0000e-02	5.68447411e-01
-6.0000e-01	8.0000e-01	5.0000e-02	5.33764356e-01
-6.0000e-01	9.0000e-01	5.0000e-02	4.02404445e-01
-6.0000e-01	1.0000e+00	5.0000e-02	3.80305135e-01
-6.0000e-01	1.1000e+00	5.0000e-02	2.95742490e-01
-6.0000e-01	1.2000e+00	5.0000e-02	2.83536230e-01
-6.0000e-01	1.3000e+00	5.0000e-02	2.37144920e-01
-6.0000e-01	1.4000e+00	5.0000e-02	2.35774450e-01
-6.0000e-01	1.5000e+00	5.0000e-02	1.75400364e-01
-6.0000e-01	1.6000e+00	5.0000e-02	1.63437717e-01
-6.0000e-01	1.7000e+00	5.0000e-02	1.84183213e-01
-6.0000e-01	1.8000e+00	5.0000e-02	9.50012941e-02
-6.0000e-01	1.9000e+00	5.0000e-02	8.43015908e-02
-5.0000e-01	-2.0000e+00	5.0000e-02	1.00322954e-01
-5.0000e-01	-1.9000e+00	5.0000e-02	1.45826443e-01
-5.0000e-01	-1.8000e+00	5.0000e-02	6.77324188e-02
-5.0000e-01	-1.7000e+00	5.0000e-02	1.42173599e-01
-5.0000e-01	-1.6000e+00	5.0000e-02	1.81004549e-01
-5.0000e-01	-1.5000e+00	5.0000e-02	1.82664604e-01
-5.0000e-01	-1.4000e+00	5.0000e-02	1.77176577e-01
-5.0000e-01	-1.3000e+00	5.0000e-02	2.47491665e-01
-5.0000e-01	-1.2000e+00	5.0000e-02	3.18533718e-01
-5.0000e-01	-1.1000e+00	5.0000e-02	3.31018172e-01
-5.0000e-01	-1.0000e+00	5.0000e-02	4.15072882e-01
-5.0000e-01	-9.0000e-01	5.0000e-02	4.45592853e-01
-5.0000e-01	-8.0000e-01	5.0000e-02	5.17704388e-01
-5.0000e-01	-7.0000e-01	5.0000e-02	5.71533653e-01
-5.0000e-01	-6.0000e-01	5.0000e-02	6.88716797e-01
-5.0000e-01	-5.0000e-01	5.0000e-02	7.64343434e-01
-5.0000e-01	-4.0000e-01	5.0000e-02	8.77648369e-01
-5.0000e-01	-3.0000e-01	5.0000e-02	9.40007656e-01
-5.0000e-01	-2.0000e-01	5.0000e-02	1.03353386e+00
-5.0000e-01	-1.0000e-01	5.0000e-02	1.07833228e+00
-5.0000e-01	-2.7756e-16	5.0000e-02	1.10090934e+00
-5.0000e-01	1.0000e-01	5.0000e-02	1.05517579e+00
-5.0000e-01	2.0000e-01	5.0000e-02	1.05244331e+00
-5.0000e-01	3.0000e-01	5.0000e-02	9.87232978e-01
-5.0000e-01	4.0000e-01	5.0000e-02	8.22125109e-01
-5.0000e-01	5.0000e-01	5.0000e-02	7.64298996e-01
-5.0000e-01	6.0000e-01	5.0000e-02	6.65717923e-01
-5.0000e-01	7.0000e-01	5.0000e-02	5.73610574e-01
-5.0000e-01	8.0000e-01	5.0000e-02	5.27675229e-01
-5.0000e-01	9.0000e-01	5.0000e-02	4.25374389e-01
-5.0000e-01	1.0000e+00	5.0000e-02	4.05073714e-01
-5.0000e-01	1.1000e+00	5.0000e-02	3.06501782e-01
-5.0000e-01	1.2000e+00	5.0000e-02	3.09777470e-01
-5.0000e-01	1.3000e+00	5.0000e-02	2.25889396e-01
-5.0000e-01	1.4000e+00	5.0000e-02	2.38687025e-01
-5.0000e-01	1.5000e+00	5.0000e-02	1.65849267e-01
-5.0000e-01	1.6000e+00	5.0000e-02	1.79700294e-01
-5.0000e-01	1.7000e+00	5.0000e-02	1.08596201e-01
-5.0000e-01	1.8000e+00	5.0000e-02	1.43832451e-01
-5.0000e-01	1.9000e+00	5.0000e-02	1.40510653e-01
-4.0000e-01	-2.0000e+00	5.0000e-02	1.03928817e-01
-4.0000e-01	-1.9000e+00	5.0000e-02	5.82740978e-02
-4.0000e-01	-1.8000e+00	5.0000e-02	1.72650596e-01
-4.0000e-01	-1.7000e+00	5.0000e-02	1.46365908e-01
-4.0000e-01	-1.6000e+00	5.0000e-02	2.02822762e-01
-4.0000e-01	-1.5000e+00	5.0000e-02	1.93908866e-01
-4.0000e-01	-1.4000e+00	5.0000e-02	2.22831746e-01
-4.0000e-01	-1.3000e+00	5.0000e-02	2.34063707e-01
-4.0000e-01	-1.2000e+00	5.0000e-02	2.60730715e-01
-4.0000e-01	-1.1000e+00	5.0000e-02	3.26101021e-01
-4.0000e-01	-1.0000e+00	5.0000e-02	3.51810190e-01
-4.0000e-01	-9.0000e-01	5.0000e-02	4.31239565e-01
-4.0000e-01	-8.0000e-01	5.0000e-02	5.05099696e-01
-4.0000e-01	-7.0000e-01	5.0000e-02	5.48305407e-01
-4.0000e-01	-6.0000e-01	5.0000e-02	7.20777412e-01
-4.0000e-01	-5.0000e-01	5.0000e-02	7.02381487e-01
-4.0000e-01	-4.0000e-01	5.0000e-02	8.44815179e-01
-4.0000e-01	-3.0000e-01	5.0000e-02	9.32220043e-01
-4.0000e-01	-2.0000e-01	5.0000e-02	9.41429740e-01
-4.0000e-01	-1.0000e-01	5.0000e-02	1.05732448e+00
-4.0000e-01	-2.7756e-16	5.0000e-02	1.05507999e+00
-4.0000e-01	1.0000e-01	5.0000e-02	1.08757785e+00
-4.0000e-01	2.0000e-01	5.0000e-02	1.01461055e+00
-4.0000e-01	3.0000e-01	5.0000e-02	9.22364899e-01
-4.0000e-01	4.0000e-01	5.0000e-02	8.09381086e-01
-4.0000e-01	5.0000e-01	5.0000e-02	7.76617847e-01
-4.0000e-01	6.0000e-01	5.0000e-02	6.65926918e-01
-4.0000e-01	7.0000e-01	5.0000e-02	5.90094367e-01
-4.0000e-01	8.0000e-01	5.0000e-02	5.09674792e-01
-4.0000e-01	9.0000e-01	5.0000e-02	4.63722676e-01
-4.0000e-01	1.0000e+00	5.0000e-02	3.72613476e-01
-4.0000e-01	1.1000e+00	5.0000e-02	3.16365736e-01
-4.0000e-01	1.2000e+00	5.0000e-02	2.80006992e-01
-4.0000e-01	1.3000e+00	5.0000e-02	2.01180823e-01
-4.0000e-01	1.4000e+00	5.0000e-02	2.31379664e-01
-4.0000e-01	1.5000e+00	5.0000e-02	1.98135673e-01
-4.0000e-01	1.6000e+00	5.0000e-02	1.86797945e-01
-4.0000e-01	1.7000e+00	5.0000e-02	1.89266605e-01
-4.0000e-01	1.8000e+00	5.0000e-02	1.17690210e-01
-4.0000e-01	1.9000e+00	5.0000e-02	1.37958305e-01
-3.0000e-01	-2.0000e+00	5.0000e-02	9.26810841e-02
-3.0000e-01	-1.9000e+00	5.0000e-02	1.49774589e-01
-3.0000e-01	-1.8000e+00	5.0000e-02	1.68946313e-01
-3.0000e-01	-1.7000e+00	5.0000e-02	1.05994052e-01
-3.0000e-01	-1.6000e+00	5.0000e-02	2.11913336e-01
-3.0000e-01	-1.5000e+00	5.0000e-02	1.36757665e-01
-3.0000e-01	-1.4000e+00	5.0000e-02	2.62307797e-01
-3.0000e-01	-1.3000e+00	5.0000e-02	2.82459325e-01
-3.0000e-01	-1.2000e+00	5.0000e-02	2.74790028e-01
-3.0000e-01	-1.1000e+00	5.0000e-02	3.50310246e-01
-3.0000e-01	-1.0000e+00	5.0000e-02	3.59407745e-01
-3.0000e-01	-9.0000e-01	5.0000e-02	4.22732082e-01
-3.0000e-01	-8.0000e-01	5.0000e-02	5.21867566e-01
-3.0000e-01	-7.0000e-01	5.0000e-02	6.13804337e-01
-3.0000e-01	-6.0000e-01	5.0000e-02	6.65951261e-01
-3.0000e-01	-5.0000e-01	5.0000e-02	7.33303604e-01
-3.0000e-01	-4.0000e-01	5.0000e-02	8.15627445e-01
-3.0000e-01	-3.0000e-01	5.0000e-02	8.93277021e-01
-3.0000e-01	-2.0000e-01	5.0000e-02	9.99265885e-01
-3.0000e-01	-1.0000e-01	5.0000e-02	9.93383931e-01
-3.0000e-01	-2.7756e-16	5.0000e-02	1.06650793e+00
-3.0000e-01	1.0000e-01	5.0000e-02	9.87732710e-01
-3.0000e-01	2.0000e-01	5.0000e-02	9.82415788e-01
-3.0000e-01	3.0000e-01	5.0000e-02	9.16200288e-01
-3.0000e-01	4.0000e-01	5.0000e-02	8.34241420e-01
-3.0000e-01	5.0000e-01	5.0000e-02	7.26973656e-01
-3.0000e-01	6.0000e-01	5.0000e-02	6.87802908e-01
-3.0000e-01	7.0000e-01	5.0000e-02	6.02873906e-01
-3.0000e-01	8.0000e-01	5.0000e-02	4.72398450e-01
-3.0000e-01	9.0000e-01	5.0000e-02	4.63121998e-01
-3.0000e-01	1.0000e+00	5.0000e-02	4.08124836e-01
-3.0000e-01	1.1000e+00	5.0000e-02	3.28292896e-01
-3.0000e-01	1.2000e+00	5.0000e-02	2.91520338e-01
-3.0000e-01	1.3000e+00	5.0000e-02	2.20936386e-01
-3.0000e-01	1.4000e+00	5.0000e-02	1.81129440e-01
-3.0000e-01	1.5000e+00	5.0000e-02	1.74798368e-01
-3.0000e-01	1.6000e+00	5.0000e-02	1.56122698e-01
-3.0000e-01	1.7000e+00	5.0000e-02	1.39623733e-01
-3.0000e-01	1.8000e+00	5.0000e-02	1.33442847e-01
-3.0000e-01	1.9000e+00	5.0000e-02	1.20492894e-01
-2.0000e-01	-2.0000e+00	5.0000e-02	7.06439298e-02
-2.0000e-01	-1.9000e+00	5.0000e-02	2.00446243e-01
-2.0000e-01	-1.8000e+00	5.0000e-02	1.24275002e-01
-2.0000e-01	-1.7000e+00	5.0000e-02	9.72151766e-02
-2.0000e-01	-1.6000e+00	5.0000e-02	1.69702483e-01
-2.0000e-01	-1.5000e+00	5.0000e-02	1.95848403e-01
-2.0000e-01	-1.4000e+00	5.0000e-02	2.00917212e-01
-2.0000e-01	-1.3000e+00	5.0000e-02	2.45560164e-01
-2.0000e-01	-1.2000e+00	5.0000e-02	2.95658526e-01
-2.0000e-01	-1.1000e+00	5.0000e-02	3.23233377e-01
-2.0000e-01	-1.0000e+00	5.0000e-02	3.58365605e-01
-2.0000e-01	-9.0000e-01	5.0000e-02	4.55491180e-01
-2.0000e-01	-8.0000e-01	5.0000e-02	5.01255129e-01
-2.0000e-01	-7.0000e-01	5.0000e-02	5.60237818e-01
-2.0000e-01	-6.0000e-01	5.0000e-02	6.69236586e-01
-2.0000e-01	-5.0000e-01	5.0000e-02	7.64827003e-01
-2.0000e-01	-4.0000e-01	5.0000e-02	8.18263850e-01
-2.0000e-01	-3.0000e-01	5.0000e-02	8.45233612e-01
-2.0000e-01	-2.0000e-01	5.0000e-02	9.75543580e-01
-2.0000e-01	-1.0000e-01	5.0000e-02	1.01489364e+00
-2.0000e-01	-2.7756e-16	5.0000e-02	1.02996487e+00
-2.0000e-01	1.0000e-01	5.0000e-02	1.04696552e+00
-2.0000e-01	2.0000e-01	5.0000e-02	9.70615286e-01
-2.0000e-01	3.0000e-01	5.0000e-02	9.47884383e-01
-2.0000e-01	4.0000e-01	5.0000e-02	7.96541740e-01
-2.0000e-01	5.0000e-01	5.0000e-02	7.61270937e-01
-2.0000e-01	6.0000e-01	5.0000e-02	6.56748543e-01
-2.0000e-01	7.0000e-01	5.0000e-02	6.01931651e-01
-2.0000e-01	8.0000e-01	5.0000e-02	5.00950308e-01
-2.0000e-01	9.0000e-01	5.0000e-02	4.41961199e-01
-2.0000e-01	1.0000e+00	5.0000e-02	3.83924151e-01
-2.0000e-01	1.1000e+00	5.0000e-02	2.71641647e-01
-2.0000e-01	1.2000e+00	5.0000e-02	2.43780162e-01
-2.0000e-01	1.3000e+00	5.0000e-02	2.61843132e-01
-2.0000e-01	1.4000e+00	5.0000e-02	2.14846735e-01
-2.0000e-01	1.5000e+00	5.0000e-02	1.76769392e-01
-2.0000e-01	1.6000e+00	5.0000e-02	1.28758574e-01
-2.0000e-01	1.7000e+00	5.0000e-02	1.76428087e-01
-2.0000e-01	1.8000e+00	5.0000e-02	8.80463998e-02
-2.0000e-01	1.9000e+00	5.0000e-02	1.10074341e-01
-1.0000e-01	-2.0000e+00	5.0000e-02	6.04739113e-02
-1.0000e-01	-1.9000e+00	5.0000e-02	1.02951256e-01
-1.0000e-01	-1.8000e+00	5.0000e-02	1.13436715e-01
-1.0000e-01	-1.7000e+00	5.0000e-02	1.33727777e-01
-1.0000e-01	-1.6000e+00	5.0000e-02	1.17559917e-01
-1.0000e-01	-1.5000e+00	5.0000e-02	1.77167892e-01
-1.0000e-01	-1.4000e+00	5.0000e-02	2.61572895e-01
-1.0000e-01	-1.3000e+00	5.0000e-02	2.42633881e-01
-1.0000e-01	-1.2000e+00	5.0000e-02	2.88720043e-01
-1.0000e-01	-1.1000e+00	5.0000e-02	3.88832102e-01
-1.0000e-01	-1.0000e+00	5.0000e-02	3.96122657e-01
-1.0000e-01	-9.0000e-01	5.0000e-02	4.22277910e-01
-1.0000e-01	-8.0000e-01	5.0000e-02	5.26356343e-01
-1.0000e-01	-7.0000e-01	5.0000e-02	5.61731747e-01
-1.0000e-01	-6.0000e-01	5.0000e-02	6.66954298e-01
-1.0000e-01	-5.0000e-01	5.0000e-02	7.01206108e-01
-1.0000e-01	-4.0000e-01	5.0000e-02	8.10939762e-01
-1.0000e-01	-3.0000e-01	5.0000e-02	9.04032857e-01
-1.0000e-01	-2.0000e-01	5.0000e-02	9.85315892e-01
-1.0000e-01	-1.0000e-01	5.0000e-02	1.03484628e+00
-1.0000e-01	-2.7756e-16	5.0000e-02	1.05389184e+00
-1.0000e-01	1.0000e-01	5.0000e-02	1.04645638e+00
-1.0000e-01	2.0000e-01	5.0000e-02	1.03343292e+00
-1.0000e-01	3.0000e-01	5.0000e-02	8.80288283e-01
-1.0000e-01	4.0000e-01	5.0000e-02	7.94779603e-01
-1.0000e-01	5.0000e-01	5.0000e-02	7.14831762e-01
-1.0000e-01	6.0000e-01	5.0000e-02	6.43106523e-01
-1.0000e-01	7.0000e-01	5.0000e-02	5.67766790e-01
-1.0000e-01	8.0000e-01	5.0000e-02	5.44744357e-01
-1.0000e-01	9.0000e-01	5.0000e-02	4.31068464e-01
-1.0000e-01	1.0000e+00	5.0000e-02	3.70659289e-01
-1.0000e-01	1.1000e+00	5.0000e-02	3.24470656e-01
-1.0000e-01	1.2000e+00	5.0000e-02	2.33531060e-01
-1.0000e-01	1.3000e+00	5.0000e-02	2.59110926e-01
-1.0000e-01	1.4000e+00	5.0000e-02	2.35354928e-01
-1.0000e-01	1.5000e+00	5.0000e-02	1.62641031e-01
-1.0000e-01	1.6000e+00	5.0000e-02	1.66800363e-01
-1.0000e-01	1.7000e+00	5.0000e-02	1.60978478e-01
-1.0000e-01	1.8000e+00	5.0000e-02	1.24511553e-01
-1.0000e-01	1.9000e+00	5.0000e-02	1.38574651e-01
6.3838e-16	-2.0000e+00	5.0000e-02	9.65688686e-02
6.3838e-16	-1.9000e+00	5.0000e-02	1.46218742e-01
6.3838e-16	-1.8000e+00	5.0000e-02	1.44239648e-01
6.3838e-16	-1.7000e+00	5.0000e-02	1.73329439e-01
6.3838e-16	-1.6000e+00	5.0000e-02	1.77006237e-01
6.3838e-16	-1.5000e+00	5.0000e-02	1.98060691e-01
6.3838e-16	-1.4000e+00	5.0000e-02	2.00645096e-01
6.3838e-16	-1.3000e+00	5.0000e-02	2.48003412e-01
6.3838e-16	-1.2000e+00	5.0000e-02	2.74874913e-01
6.3838e-16	-1.1000e+00	5.0000e-02	3.36045768e-01
6.3838e-16	-1.0000e+00	5.0000e-02	3.77601339e-01
6.3838e-16	-9.0000e-01	5.0000e-02	4.23617354e-01
6.3838e-16	-8.0000e-01	5.0000e-02	4.90562069e-01
6.3838e-16	-7.0000e-01	5.0000e-02	5.59529224e-01
6.3838e-16	-6.0000e-01	5.0000e-02	6.54563741e-01
6.3838e-16	-5.0000e-01	5.0000e-02	7.00716710e-01
6.3838e-16	-4.0000e-01	5.0000e-02	7.90859356e-01
6.3838e-16	-3.0000e-01	5.0000e-02	9.17026590e-01
6.3838e-16	-2.0000e-01	5.0000e-02	9.73798484e-01
6.3838e-16	-1.0000e-01	5.0000e-02	1.07621884e+00
6.3838e-16	-2.7756e-16	5.0000e-02	1.03256770e+00
6.3838e-16	1.0000e-01	5.0000e-02	1.02807050e+00
6.3838e-16	2.0000e-01	5.0000e-02	9.81470761e-01
6.3838e-16	3.0000e-01	5.0000e-02	9.41269186e-01
6.3838e-16	4.0000e-01	5.0000e-02	8.33660629e-01
6.3838e-16	5.0000e-01	5.0000e-02	7.25016995e-01
6.3838e-16	6.0000e-01	5.0000e-02	6.95251162e-01
6.3838e-16	7.0000e-01	5.0000e-02	5.86005709e-01
6.3838e-16	8.0000e-01	5.0000e-02	5.22684783e-01
6.3838e-16	9.0000e-01	5.0000e-02	4.09270391e-01
6.3838e-16	1.0000e+00	5.0000e-02	3.31257201e-01
6.3838e-16	1.1000e+00	5.0000e-02	2.91626216e-01
6.3838e-16	1.2000e+00	5.0000e-02	2.31647193e-01
6.3838e-16	1.3000e+00	5.0000e-02	2.33411749e-01
6.3838e-16	1.4000e+00	5.0000e-02	2.06524124e-01
6.3838e-16	1.5000e+00	5.0000e-02	1.87097124e-01
6.3838e-16	1.6000e+00	5.0000e-02	1.76158995e-01
6.3838e-16	1.7000e+00	5.0000e-02	1.06349018e-01
6.3838e-16	1.8000e+00	5.0000e-02	1.41094819e-01
6.3838e-16	1.9000e+00	5.0000e-02	1.05023814e-01
1.0000e-01	-2.0000e+00	5.0000e-02	1.26710517e-01
1.0000e-01	-1.9000e+00	5.0000e-02	1.19392500e-01
1.0000e-01	-1.8000e+00	5.0000e-02	1.00847975e-01
1.0000e-01	-1.7000e+00	5.0000e-02	1.67310264e-01
1.0000e-01	-1.6000e+00	5.0000e-02	1.95020003e-01
1.0000e-01	-1.5000e+00	5.0000e-02	2.13278119e-01
1.0000e-01	-1.4000e+00	5.0000e-02	1.69949069e-01
1.0000e-01	-1.3000e+00	5.0000e-02	2.25847393e-01
1.0000e-01	-1.2000e+00	5.0000e-02	2.66250910e-01
1.0000e-01	-1.1000e+00	5.0000e-02	3.48531048e-01
1.0000e-01	-1.0000e+00	5.0000e-02	3.73412660e-01
1.0000e-01	-9.0000e-01	5.0000e-02	4.60504409e-01
1.0000e-01	-8.0000e-01	5.0000e-02	5.06489755e-01
1.0000e-01	-7.0000e-01	5.0000e-02	5.31797457e-01
1.0000e-01	-6.0000e-01	5.0000e-02	6.01650076e-01
1.0000e-01	-5.0000e-01	5.0000e-02	7.35253984e-01
1.0000e-01	-4.0000e-01	5.0000e-02	8.32274428e-01
1.0000e-01	-3.0000e-01	5.0000e-02	9.14520234e-01
1.0000e-01	-2.0000e-01	5.0000e-02	1.00375335e+00
1.0000e-01	-1.0000e-01	5.0000e-02	9.86062105e-01
1.0000e-01	-2.7756e-16	5.0000e-02	9.81649364e-01
1.0000e-01	1.0000e-01	5.0000e-02	1.03144261e+00
1.0000e-01	2.0000e-01	5.0000e-02	9.93215081e-01
1.0000e-01	3.0000e-01	5.0000e-02	8.65841185e-01
1.0000e-01	4.0000e-01	5.0000e-02	8.13866346e-01
1.0000e-01	5.0000e-01	5.0000e-02	7.25962804e-01
1.0000e-01	6.0000e-01	5.0000e-02	6.01229994e-01
1.0000e-01	7.0000e-01	5.0000e-02	5.68265247e-01
1.0000e-01	8.0000e-01	5.0000e-02	4.51984656e-01
1.0000e-01	9.0000e-01	5.0000e-02	4.50512641e-01
1.0000e-01	1.0000e+00	5.0000e-02	3.78704129e-01
1.0000e-01	1.1000e+00	5.0000e-02	2.95206591e-01
1.0000e-01	1.2000e+00	5.0000e-02	2.33841618e-01
1.0000e-01	1.3000e+00	5.0000e-02	2.22672716e-01
1.0000e-01	1.4000e+00	5.0000e-02	2.41597858e-01
1.0000e-01	1.5000e+00	5.0000e-02	1.91242345e-01
1.0000e-01	1.6000e+00	5.0000e-02	2.06875863e-01
1.0000e-01	1.7000e+00	5.0000e-02	1.31422021e-01
1.0000e-01	1.8000e+00	5.0000e-02	1.38882590e-01
1.0000e-01	1.9000e+00	5.0000e-02	1.07384745e-01
2.0000e-01	-2.0000e+00	5.0000e-02	1.28589834e-01
2.0000e-01	-1.9000e+00	5.0000e-02	9.54551199e-02
2.0000e-01	-1.8000e+00	5.0000e-02	1.26343954e-01
2.0000e-01	-1.7000e+00	5.0000e-02	1.14113990e-01
2.0000e-01	-1.6000e+00	5.0000e-02	1.58823005e-01
2.0000e-01	-1.5000e+00	5.0000e-02	1.87436741e-01
2.0000e-01	-1.4000e+00	5.0000e-02	2.48795175e-01
2.0000e-01	-1.3000e+00	5.0000e-02	2.33891401e-01
2.0000e-01	-1.2000e+00	5.0000e-02	2.39997814e-01
2.0000e-01	-1.1000e+00	5.0000e-02	2.85611494e-01
2.0000e-01	-1.0000e+00	5.0000e-02	3.76116010e-01
2.0000e-01	-9.0000e-01	5.0000e-02	4.25481596e-01
2.0000e-01	-8.0000e-01	5.0000e-02	5.22653320e-01
2.0000e-01	-7.0000e-01	5.0000e-02	5.76046232e-01
2.0000e-01	-6.0000e-01	5.0000e-02	6.33514961e-01
2.0000e-01	-5.0000e-01	5.0000e-02	7.05866119e-01
2.0000e-01	-4.0000e-01	5.0000e-02	8.10822438e-01
2.0000e-01	-3.0000e-01	5.0000e-02	9.03747681e-01
2.0000e-01	-2.0000e-01	5.0000e-02	1.00196209e+00
2.0000e-01	-1.0000e-01	5.0000e-02	1.01346654e+00
2.0000e-01	-2.7756e-16	5.0000e-02	9.92391830e-01
2.0000e-01	1.0000e-01	5.0000e-02	1.00812559e+00
2.0000e-01	2.0000e-01	5.0000e-02	9.65032335e-01
2.0000e-01	3.0000e-01	5.0000e-02	9.21320987e-01
2.0000e-01	4.0000e-01	5.0000e-02	8.48927646e-01
2.0000e-01	5.0000e-01	5.0000e-02	7.24905347e-01
2.0000e-01	6.0000e-01	5.0000e-02	6.15275857e-01
2.0000e-01	7.0000e-01	5.0000e-02	5.41676693e-01
2.0000e-01	8.0000e-01	5.0000e-02	5.13827726e-01
2.0000e-01	9.0000e-01	5.0000e-02	4.33542489e-01
2.0000e-01	1.0000e+00	5.0000e-02	3.50587916e-01
2.0000e-01	1.1000e+00	5.0000e-02	3.30415229e-01
2.0000e-01	1.2000e+00	5.0000e-02	2.54370232e-01
2.0000e-01	1.3000e+00	5.0000e-02	2.47008286e-01
2.0000e-01	1.4000e+00	5.0000e-02	2.10871244e-01
2.0000e-01	1.5000e+00	5.0000e-02	1.99511948e-01
2.0000e-01	1.6000e+00	5.0000e-02	1.83981523e-01
2.0000e-01	1.7000e+00	5.0000e-02	1.46343829e-01
2.0000e-01	1.8000e+00	5.0000e-02	1.23862174e-01
2.0000e-01	1.9000e+00	5.0000e-02	1.19923604e-01
3.0000e-01	-2.0000e+00	5.0000e-02	1.21631547e-01
3.0000e-01	-1.9000e+00	5.0000e-02	1.36586568e-01
3.0000e-01	-1.8000e+00	5.0000e-02	1.30028840e-01
3.0000e-01	-1.7000e+00	5.0000e-02	1.28682800e-01
3.0000e-01	-1.6000e+00	5.0000e-02	2.05901051e-01
3.0000e-01	-1.5000e+00	5.0000e-02	2.47818395e-01
3.0000e-01	-1.4000e+00	5.0000e-02	1.46976110e-01
3.0000e-01	-1.3000e+00	5.0000e-02	2.06780086e-01
3.0000e-01	-1.2000e+00	5.0000e-02	2.83284764e-01
3.0000e-01	-1.1000e+00	5.0000e-02	2.87727703e-01
3.0000e-01	-1.0000e+00	5.0000e-02	3.46738517e-01
3.0000e-01	-9.0000e-01	5.0000e-02	4.16731638e-01
3.0000e-01	-8.0000e-01	5.0000e-02	5.05418495e-01
3.0000e-01	-7.0000e-01	5.0000e-02	5.74637527e-01
3.0000e-01	-6.0000e-01	5.0000e-02	6.38590137e-01
3.0000e-01	-5.0000e-01	5.0000e-02	6.81340388e-01
3.0000e-01	-4.0000e-01	5.0000e-02	7.99201642e-01
3.0000e-01	-3.0000e-01	5.0000e-02	8.70729019e-01
3.0000e-01	-2.0000e-01	5.0000e-02	9.22992283e-01
3.0000e-01	-1.0000e-01	5.0000e-02	1.00360003e+00
3.0000e-01	-2.7756e-16	5.0000e-02	1.02877361e+00
3.0000e-01	1.0000e-01	5.0000e-02	1.01649568e+00
3.0000e-01	2.0000e-01	5.0000e-02	9.44337065e-01
3.0000e-01	3.0000e-01	5.0000e-02	8.83832963e-01
3.0000e-01	4.0000e-01	5.0000e-02	8.41204735e-01
3.0000e-01	5.0000e-01	5.0000e-02	7.09059516e-01
3.0000e-01	6.0000e-01	5.0000e-02	5.90868631e-01
3.0000e-01	7.0000e-01	5.0000e-02	5.80249166e-01
3.0000e-01	8.0000e-01	5.0000e-02	4.79422402e-01
3.0000e-01	9.0000e-01	5.0000e-02	4.38402264e-01
3.0000e-01	1.0000e+00	5.0000e-02	3.83030437e-01
3.0000e-01	1.1000e+00	5.0000e-02	2.89296540e-01
3.0000e-01	1.2000e+00	5.0000e-02	2.65465270e-01
3.0000e-01	1.3000e+00	5.0000e-02	2.69276560e-01
3.0000e-01	1.4000e+00	5.0000e-02	2.01992824e-01
3.0000e-01	1.5000e+00	5.0000e-02	2.06522552e-01
3.0000e-01	1.6000e+00	5.0000e-02	1.95639150e-01
3.0000e-01	1.7000e+00	5.0000e-02	1.41290746e-01
3.0000e-01	1.8000e+00	5.0000e-02	1.05061134e-01
3.0000e-01	1.9000e+00	5.0000e-02	8.37399482e-02
4.0000e-01	-2.0000e+00	5.0000e-02	1.04821266e-01
4.0000e-01	-1.9000e+00	5.0000e-02	9.36311584e-02
4.0000e-01	-1.8000e+00	5.0000e-02	1.56289372e-01
4.0000e-01	-1.7000e+00	5.0000e-02	1.48859912e-01
4.0000e-01	-1.6000e+00	5.0000e-02	1.68607549e-01
4.0000e-01	-1.5000e+00	5.0000e-02	1.92408062e-01
4.0000e-01	-1.4000e+00	5.0000e-02	2.35921854e-01
4.0000e-01	-1.3000e+00	5.0000e-02	2.01961328e-01
4.0000e-01	-1.2000e+00	5.0000e-02	3.11150494e-01
4.0000e-01	-1.1000e+00	5.0000e-02	3.43844998e-01
4.0000e-01	-1.0000e+00	5.0000e-02	3.19031759e-01
4.0000e-01	-9.0000e-01	5.0000e-02	4.31019535e-01
4.0000e-01	-8.0000e-01	5.0000e-02	4.22805347e-01
4.0000e-01	-7.0000e-01	5.0000e-02	5.56008774e-01
4.0000e-01	-6.0000e-01	5.0000e-02	6.55577818e-01
4.0000e-01	-5.0000e-01	5.0000e-02	7.32335811e-01
4.0000e-01	-4.0000e-01	5.0000e-02	7.28320638e-01
4.0000e-01	-3.0000e-01	5.0000e-02	8.51229061e-01
4.0000e-01	-2.0000e-01	5.0000e-02	9.68492006e-01
4.0000e-01	-1.0000e-01	5.0000e-02	9.88043532e-01
4.0000e-01	-2.7756e-16	5.0000e-02	9.60720331e-01
4.0000e-01	1.0000e-01	5.0000e-02	1.01526307e+00
4.0000e-01	2.0000e-01	5.0000e-02	9.10649287e-01
4.0000e-01	3.0000e-01	5.0000e-02	9.31610497e-01
4.0000e-01	4.0000e-01	5.0000e-02	7.59235640e-01
4.0000e-01	5.0000e-01	5.0000e-02	7.02207669e-01
4.0000e-01	6.0000e-01	5.0000e-02	6.59102351e-01
4.0000e-01	7.0000e-01	5.0000e-02	5.38993401e-01
4.0000e-01	8.0000e-01	5.0000e-02	4.75220935e-01
4.0000e-01	9.0000e-01	5.0000e-02	3.71626719e-01
4.0000e-01	1.0000e+00	5.0000e-02	3.52509839e-01
4.0000e-01	1.1000e+00	5.0000e-02	3.18804785e-01
4.0000e-01	1.2000e+00	5.0000e-02	2.62061168e-01
4.0000e-01	1.3000e+00	5.0000e-02	3.00143555e-01
4.0000e-01	1.4000e+00	5.0000e-02	2.20734436e-01
4.0000e-01	1.5000e+00	5.0000e-02	1.73645593e-01
4.0000e-01	1.6000e+00	5.0000e-02	1.68053744e-01
4.0000e-01	1.7000e+00	5.0000e-02	1.20398471e-01
4.0000e-01	1.8000e+00	5.0000e-02	1.21470727e-01
4.0000e-01	1.9000e+00	5.0000e-02	1.94293268e-01
5.0000e-01	-2.0000e+00	5.0000e-02	1.17339685e-01
5.0000e-01	-1.9000e+00	5.0000e-02	9.22791391e-02
5.0000e-01	-1.8000e+00	5.0000e-02	1.31501387e-01
5.0000e-01	-1.7000e+00	5.0000e-02	1.57071142e-01
5.0000e-01	-1.6000e+00	5.0000e-02	1.21329231e-01
5.0000e-01	-1.5000e+00	5.0000e-02	1.84600156e-01
5.0000e-01	-1.4000e+00	5.0000e-02	1.97095782e-01
5.0000e-01	-1.3000e+00	5.0000e-02	2.05579701e-01
5.0000e-01	-1.2000e+00	5.0000e-02	3.25845500e-01
5.0000e-01	-1.1000e+00	5.0000e-02	3.30540471e-01
5.0000e-01	-1.0000e+00	5.0000e-02	3.85733393e-01
5.0000e-01	-9.0000e-01	5.0000e-02	3.76523641e-01
5.0000e-01	-8.0000e-01	5.0000e-02	4.40312377e-01
5.0000e-01	-7.0000e-01	5.0000e-02	5.58106523e-01
5.0000e-01	-6.0000e-01	5.0000e-02	5.85414755e-01
5.0000e-01	-5.0000e-01	5.0000e-02	7.28332571e-01
5.0000e-01	-4.0000e-01	5.0000e-02	8.28217297e-01
5.0000e-01	-3.0000e-01	5.0000e-02	8.80137963e-01
5.0000e-01	-2.0000e-01	5.0000e-02	9.54530665e-01
5.0000e-01	-1.0000e-01	5.0000e-02	1.02208692e+00
5.0000e-01	-2.7756e-16	5.0000e-02	9.79184676e-01
5.0000e-01	1.0000e-01	5.0000e-02	9.81244048e-01
5.0000e-01	2.0000e-01	5.0000e-02	9.64158438e-01
5.0000e-01	3.0000e-01	5.0000e-02	8.61483453e-01
5.0000e-01	4.0000e-01	5.0000e-02	8.24736684e-01
5.0000e-01	5.0000e-01	5.0000e-02	7.02236915e-01
5.0000e-01	6.0000e-01	5.0000e-02	6.67161095e-01
5.0000e-01	7.0000e-01	5.0000e-02	5.09739372e-01
5.0000e-01	8.0000e-01	5.0000e-02	4.83059545e-01
5.0000e-01	9.0000e-01	5.0000e-02	4.01295161e-01
5.0000e-01	1.0000e+00	5.0000e-02	3.72462534e-01
5.0000e-01	1.1000e+00	5.0000e-02	3.38807245e-01
5.0000e-01	1.2000e+00	5.0000e-02	2.99639799e-01
5.0000e-01	1.3000e+00	5.0000e-02	2.20745007e-01
5.0000e-01	1.4000e+00	5.0000e-02	1.76819881e-01
5.0000e-01	1.5000e+00	5.0000e-02	1.89887050e-01
5.0000e-01	1.6000e+00	5.0000e-02	2.16239689e-01
5.0000e-01	1.7000e+00	5.0000e-02	1.66378390e-01
5.0000e-01	1.8000e+00	5.0000e-02	1.15432021e-01
5.0000e-01	1.9000e+00	5.0000e-02	9.98991069e-02
6.0000e-01	-2.0000e+00	5.0000e-02	4.49397743e-02
6.0000e-01	-1.9000e+00	5.0000e-02	1.52526498e-01
6.0000e-01	-1.8000e+00	5.0000e-02	1.11860512e-01
6.0000e-01	-1.7000e+00	5.0000e-02	1.54220393e-01
6.0000e-01	-1.6000e+00	5.0000e-02	1.81414765e-01
6.0000e-01	-1.5000e+00	5.0000e-02	1.70274563e-01
6.0000e-01	-1.4000e+00	5.0000e-02	1.65260316e-01
6.0000e-01	-1.3000e+00	5.0000e-02	2.51127921e-01
6.0000e-01	-1.2000e+00	5.0000e-02	2.48511612e-01
6.0000e-01	-1.1000e+00	5.0000e-02	3.18677184e-01
6.0000e-01	-1.0000e+00	5.0000e-02	4.13301527e-01
6.0000e-01	-9.0000e-01	5.0000e-02	4.37446317e-01
6.0000e-01	-8.0000e-01	5.0000e-02	5.14222146e-01
6.0000e-01	-7.0000e-01	5.0000e-02	6.35313390e-01
6.0000e-01	-6.0000e-01	5.0000e-02	6.22174929e-01
6.0000e-01	-5.0000e-01	5.0000e-02	7.23678793e-01
6.0000e-01	-4.0000e-01	5.0000e-02	8.19035600e-01
6.0000e-01	-3.0000e-01	5.0000e-02	9.22668199e-01
6.0000e-01	-2.0000e-01	5.0000e-02	9.54104208e-01
6.0000e-01	-1.0000e-01	5.0000e-02	1.07432129e+00
6.0000e-01	-2.7756e-16	5.0000e-02	1.05386663e+00
6.0000e-01	1.0000e-01	5.0000e-02	1.02762111e+00
6.0000e-01	2.0000e-01	5.0000e-02	9.55433306e-01
6.0000e-01	3.0000e-01	5.0000e-02	9.17560370e-01
6.0000e-01	4.0000e-01	5.0000e-02	7.42255154e-01
6.0000e-01	5.0000e-01	5.0000e-02	7.19376198e-01
6.0000e-01	6.0000e-01	5.0000e-02	6.51227057e-01
6.0000e-01	7.0000e-01	5.0000e-02	5.81068129e-01
6.0000e-01	8.0000e-01	5.0000e-02	4.91690253e-01
6.0000e-01	9.0000e-01	5.0000e-02	3.93858234e-01
6.0000e-01	1.0000e+00	5.0000e-02	3.41674729e-01
6.0000e-01	1.1000e+00	5.0000e-02	2.49458082e-01
6.0000e-01	1.2000e+00	5.0000e-02	2.63989817e-01
6.0000e-01	1.3000e+00	5.0000e-02	2.12658814e-01
6.0000e-01	1.4000e+00	5.0000e-02	1.87484252e-01
6.0000e-01	1.5000e+00	5.0000e-02	2.25349997e-01
6.0000e-01	1.6000e+00	5.0000e-02	1.43923685e-01
6.0000e-01	1.7000e+00	5.0000e-02	1.26390715e-01
6.0000e-01	1.8000e+00	5.0000e-02	1.75051201e-01
6.0000e-01	1.9000e+00	5.0000e-02	1.18854640e-01
7.0000e-01	-2.0000e+00	5.0000e-02	5.82481738e-02
7.0000e-01	-1.9000e+00	5.0000e-02	1.32947109e-01
7.0000e-01	-1.8000e+00	5.0000e-02	1.01627012e-01
7.0000e-01	-1.7000e+00	5.0000e-02	8.28467011e-02
7.0000e-01	-1.6000e+00	5.0000e-02	1.08059534e-01
7.0000e-01	-1.5000e+00	5.0000e-02	1.65252585e-01
7.0000e-01	-1.4000e+00	5.0000e-02	2.06211987e-01
7.0000e-01	-1.3000e+00	5.0000e-02	2.77201349e-01
7.0000e-01	-1.2000e+00	5.0000e-02	2.70778444e-01
7.0000e-01	-1.1000e+00	5.0000e-02	3.45009519e-01
7.0000e-01	-1.0000e+00	5.0000e-02	3.20159980e-01
7.0000e-01	-9.0000e-01	5.0000e-02	4.11588293e-01
7.0000e-01	-8.0000e-01	5.0000e-02	4.96248357e-01
7.0000e-01	-7.0000e-01	5.0000e-02	5.68342563e-01
7.0000e-01	-6.0000e-01	5.0000e-02	6.05307617e-01
7.0000e-01	-5.0000e-01	5.0000e-02	7.07395835e-01
7.0000e-01	-4.0000e-01	5.0000e-02	8.02743529e-01
7.0000e-01	-3.0000e-01	5.0000e-02	9.37816099e-01
7.0000e-01	-2.0000e-01	5.0000e-02	1.05978601e+00
7.0000e-01	-1.0000e-01	5.0000e-02	1.07523930e+00
7.0000e-01	-2.7756e-16	5.0000e-02	1.12650628e+00
7.0000e-01	1.0000e-01	5.0000e-02	1.11660411e+00
7.0000e-01	2.0000e-01	5.0000e-02	1.05141059e+00
7.0000e-01	3.0000e-01	5.0000e-02	9.12597008e-01
7.0000e-01	4.0000e-01	5.0000e-02	8.41316780e-01
7.0000e-01	5.0000e-01	5.0000e-02	7.20722763e-01
7.0000e-01	6.0000e-01	5.0000e-02	6.65751746e-01
7.0000e-01	7.0000e-01	5.0000e-02	5.30518314e-01
7.0000e-01	8.0000e-01	5.0000e-02	4.61347055e-01
7.0000e-01	9.0000e-01	5.0000e-02	4.54841422e-01
7.0000e-01	1.0000e+00	5.0000e-02	3.32295799e-01
7.0000e-01	1.1000e+00	5.0000e-02	2.90395383e-01
7.0000e-01	1.2000e+00	5.0000e-02	3.49714847e-01
7.0000e-01	1.3000e+00	5.0000e-02	2.21147216e-01
7.0000e-01	1.4000e+00	5.0000e-02	2.07319346e-01
7.0000e-01	1.5000e+00	5.0000e-02	1.56623085e-01
7.0000e-01	1.6000e+00	5.0000e-02	1.24792521e-01
7.0000e-01	1.7000e+00	5.0000e-02	1.65677294e-01
7.0000e-01	1.8000e+00	5.0000e-02	9.86814116e-02
7.0000e-01	1.9000e+00	5.0000e-02	6.84115723e-02
8.0000e-01	-2.0000e+00	5.0000e-02	6.65918228e-02
8.0000e-01	-1.9000e+00	5.0000e-02	6.18122377e-02
8.0000e-01	-1.8000e+00	5.0000e-02	4.04834992e-02
8.0000e-01	-1.7000e+00	5.0000e-02	1.54509899e-01
8.0000e-01	-1.6000e+00	5.0000e-02	1.31632192e-01
8.0000e-01	-1.5000e+00	5.0000e-02	1.96123155e-01
8.0000e-01	-1.4000e+00	5.0000e-02	2.01373506e-01
8.0000e-01	-1.3000e+00	5.0000e-02	2.06489379e-01
8.0000e-01	-1.2000e+00	5.0000e-02	2.79757180e-01
8.0000e-01	-1.1000e+00	5.0000e-02	3.29034668e-01
8.0000e-01	-1.0000e+00	5.0000e-02	3.43353658e-01
8.0000e-01	-9.0000e-01	5.0000e-02	4.01654478e-01
8.0000e-01	-8.0000e-01	5.0000e-02	4.95412089e-01
8.0000e-01	-7.0000e-01	5.0000e-02	6.10081275e-01
8.0000e-01	-6.0000e-01	5.0000e-02	6.59702119e-01
8.0000e-01	-5.0000e-01	5.0000e-02	7.41753583e-01
8.0000e-01	-4.0000e-01	5.0000e-02	8.30369562e-01
8.0000e-01	-3.0000e-01	5.0000e-02	9.64749099e-01
8.0000e-01	-2.0000e-01	5.0000e-02	1.07949082e+00
8.0000e-01	-1.0000e-01	5.0000e-02	1.19130442e+00
8.0000e-01	-2.7756e-16	5.0000e-02	1.21932997e+00
8.0000e-01	1.0000e-01	5.0000e-02	1.20574549e+00
8.0000e-01	2.0000e-01	5.0000e-02	1.08176175e+00
8.0000e-01	3.0000e-01	5.0000e-02	9.59387698e-01
8.0000e-01	4.0000e-01	5.0000e-02	8.81778696e-01
8.0000e-01	5.0000e-01	5.0000e-02	7.69923789e-01
8.0000e-01	6.0000e-01	5.0000e-02	6.52587210e-01
8.0000e-01	7.0000e-01	5.0000e-02	5.50313415e-01
8.0000e-01	8.0000e-01	5.0000e-02	4.39130412e-01
8.0000e-01	9.0000e-01	5.0000e-02	4.53498446e-01
8.0000e-01	1.0000e+00	5.0000e-02	3.24729171e-01
8.0000e-01	1.1000e+00	5.0000e-02	2.94435448e-01
8.0000e-01	1.2000e+00	5.0000e-02	2.77918808e-01
8.0000e-01	1.3000e+00	5.0000e-02	1.60686419e-01
8.0000e-01	1.4000e+00	5.0000e-02	1.81948596e-01
8.0000e-01	1.5000e+00	5.0000e-02	1.57123550e-01
8.0000e-01	1.6000e+00	5.0000e-02	1.33358361e-01
8.0000e-01	1.7000e+00	5.0000e-02	1.23870019e-01
8.0000e-01	1.8000e+00	5.0000e-02	1.31427658e-01
8.0000e-01	1.9000e+00	5.0000e-02	9.90473949e-02
9.0000e-01	-2.0000e+00	5.0000e-02	4.10654055e-02
9.0000e-01	-1.9000e+00	5.0000e-02	1.65619134e-01
9.0000e-01	-1.8000e+00	5.0000e-02	1.13912036e-01
9.0000e-01	-1.7000e+00	5.0000e-02	1.18739845e-01
9.0000e-01	-1.6000e+00	5.0000e-02	1.25310937e-01
9.0000e-01	-1.5000e+00	5.0000e-02	1.22618013e-01
9.0000e-01	-1.4000e+00	5.0000e-02	2.14149911e-01
9.0000e-01	-1.3000e+00	5.0000e-02	2.26278795e-01
9.0000e-01	-1.2000e+00	5.0000e-02	2.33708518e-01
9.0000e-01	-1.1000e+00	5.0000e-02	3.66954558e-01
9.0000e-01	-1.0000e+00	5.0000e-02	3.18316594e-01
9.0000e-01	-9.0000e-01	5.0000e-02	3.88309256e-01
9.0000e-01	-8.0000e-01	5.0000e-02	4.33085476e-01
9.0000e-01	-7.0000e-01	5.0000e-02	4.99021331e-01
9.0000e-01	-6.0000e-01	5.0000e-02	6.56251556e-01
9.0000e-01	-5.0000e-01	5.0000e-02	7.79316880e-01
9.0000e-01	-4.0000e-01	5.0000e-02	9.03060503e-01
9.0000e-01	-3.0000e-01	5.0000e-02	1.03750789e+00
9.0000e-01	-2.0000e-01	5.0000e-02	1.14750874e+00
9.0000e-01	-1.0000e-01	5.0000e-02	1.22933711e+00
9.0000e-01	-2.7756e-16	5.0000e-02	1.29753757e+00
9.0000e-01	1.0000e-01	5.0000e-02	1.28577699e+00
9.0000e-01	2.0000e-01	5.0000e-02	1.15816908e+00
9.0000e-01	3.0000e-01	5.0000e-02	1.02167768e+00
9.0000e-01	4.0000e-01	5.0000e-02	8.83431499e-01
9.0000e-01	5.0000e-01	5.0000e-02	7.25022197e-01
9.0000e-01	6.0000e-01	5.0000e-02	6.67077397e-01
9.0000e-01	7.0000e-01	5.0000e-02	5.78825651e-01
9.0000e-01	8.0000e-01	5.0000e-02	4.88670434e-01
9.0000e-01	9.0000e-01	5.0000e-02	3.57696487e-01
9.0000e-01	1.0000e+00	5.0000e-02	3.33471322e-01
9.0000e-01	1.1000e+00	5.0000e-02	2.78925865e-01
9.0000e-01	1.2000e+00	5.0000e-02	2.63539389e-01
9.0000e-01	1.3000e+00	5.0000e-02	1.99598112e-01
9.0000e-01	1.4000e+00	5.0000e-02	1.92250220e-01
9.0000e-01	1.5000e+00	5.0000e-02	1.96493930e-01
9.0000e-01	1.6000e+00	5.0000e-02	1.09212654e-01
9.0000e-01	1.7000e+00	5.0000e-02	1.30221960e-01
9.0000e-01	1.8000e+00	5.0000e-02	1.03111255e-01
9.0000e-01	1.9000e+00	5.0000e-02	1.51403618e-01
1.0000e+00	-2.0000e+00	5.0000e-02	7.16438693e-02
1.0000e+00	-1.9000e+00	5.0000e-02	8.96107716e-02
1.0000e+00	-1.8000e+00	5.0000e-02	9.93363195e-02
1.0000e+00	-1.7000e+00	5.0000e-02	1.20858481e-01
1.0000e+00	-1.6000e+00	5.0000e-02	1.76462782e-01
1.0000e+00	-1.5000e+00	5.0000e-02	1.78127715e-01
1.0000e+00	-1.4000e+00	5.0000e-02	1.81759463e-01
1.0000e+00	-1.3000e+00	5.0000e-02	1.91889001e-01
1.0000e+00	-1.2000e+00	5.0000e-02	2.64012435e-01
1.0000e+00	-1.1000e+00	5.0000e-02	2.79972129e-01
1.0000e+00	-1.0000e+00	5.0000e-02	3.87600318e-01
1.0000e+00	-9.0000e-01	5.0000e-02	4.17670575e-01
1.0000e+00	-8.0000e-01	5.0000e-02	4.66619752e-01
1.0000e+00	-7.0000e-01	5.0000e-02	5.47619823e-01
1.0000e+00	-6.0000e-01	5.0000e-02	6.23483454e-01
1.0000e+00	-5.0000e-01	5.0000e-02	7.59946540e-01
1.0000e+00	-4.0000e-01	5.0000e-02	9.35339403e-01
1.0000e+00	-3.0000e-01	5.0000e-02	1.05147746e+00
1.0000e+00	-2.0000e-01	5.0000e-02	1.15560026e+00
1.0000e+00	-1.0000e-01	5.0000e-02	1.26656732e+00
1.0000e+00	-2.7756e-16	5.0000e-02	1.32121065e+00
1.0000e+00	1.0000e-01	5.0000e-02	1.30386868e+00
1.0000e+00	2.0000e-01	5.0000e-02	1.19959136e+00
1.0000e+00	3.0000e-01	5.0000e-02	1.04754751e+00
1.0000e+00	4.0000e-01	5.0000e-02	8.79106049e-01
1.0000e+00	5.0000e-01	5.0000e-02	7.95413804e-01
1.0000e+00	6.0000e-01	5.0000e-02	6.83824706e-01
1.0000e+00	7.0000e-01	5.0000e-02	5.89308006e-01
1.0000e+00	8.0000e-01	5.0000e-02	4.66491701e-01
1.0000e+00	9.0000e-01	5.0000e-02	3.36701780e-01
1.0000e+00	1.0000e+00	5.0000e-02	3.25204081e-01
1.0000e+00	1.1000e+00	5.0000e-02	3.00973050e-01
1.0000e+00	1.2000e+00	5.0000e-02	2.41908651e-01
1.0000e+00	1.3000e+00	5.0000e-02	1.74716535e-01
1.0000e+00	1.4000e+00	5.0000e-02	2.16109265e-01
1.0000e+00	1.5000e+00	5.0000e-02	1.81464593e-01
1.0000e+00	1.6000e+00	5.0000e-02	1.96550556e-01
1.0000e+00	1.7000e+00	5.0000e-02	1.45232592e-01
1.0000e+00	1.8000e+00	5.0000e-02	1.09630660e-01
1.0000e+00	1.9000e+00	5.0000e-02	5.80092744e-02
1.1000e+00	-2.0000e+00	5.0000e-02	1.00041417e-01
1.1000e+00	-1.9000e+00	5.0000e-02	9.42016124e-02
1.1000e+00	-1.8000e+00	5.0000e-02	8.86172908e-02
1.1000e+00	-1.7000e+00	5.0000e-02	1.28204292e-01
1.1000e+00	-1.6000e+00	5.0000e-02	1.16809669e-01
1.1000e+00	-1.5000e+00	5.0000e-02	1.71999293e-01
1.1000e+00	-1.4000e+00	5.0000e-02	1.87299591e-01
1.1000e+00	-1.3000e+00	5.0000e-02	1.91896006e-01
1.1000e+00	-1.2000e+00	5.0000e-02	2.21773271e-01
1.1000e+00	-1.1000e+00	5.0000e-02	3.11599311e-01
1.1000e+00	-1.0000e+00	5.0000e-02	2.51835856e-01
1.1000e+00	-9.0000e-01	5.0000e-02	3.84875380e-01
1.1000e+00	-8.0000e-01	5.0000e-02	4.10803849e-01
1.1000e+00	-7.0000e-01	5.0000e-02	5.13651696e-01
1.1000e+00	-6.0000e-01	5.0000e-02	6.43642712e-01
1.1000e+00	-5.0000e-01	5.0000e-02	7.86358153e-01
1.1000e+00	-4.0000e-01	5.0000e-02	8.61687937e-01
1.1000e+00	-3.0000e-01	5.0000e-02	1.06492365e+00
1.1000e+00	-2.0000e-01	5.0000e-02	1.19389068e+00
1.1000e+00	-1.0000e-01	5.0000e-02	1.28881140e+00
1.1000e+00	-2.7756e-16	5.0000e-02	1.34940905e+00
1.1000e+00	1.0000e-01	5.0000e-02	1.32427263e+00
1.1000e+00	2.0000e-01	5.0000e-02	1.23303410e+00
1.1000e+00	3.0000e-01	5.0000e-02	1.04719561e+00
1.1000e+00	4.0000e-01	5.0000e-02	8.63084749e-01
1.1000e+00	5.0000e-01	5.0000e-02	8.01779166e-01
1.1000e+00	6.0000e-01	5.0000e-02	6.40318931e-01
1.1000e+00	7.0000e-01	5.0000e-02	4.70053588e-01
1.1000e+00	8.0000e-01	5.0000e-02	4.40959446e-01
1.1000e+00	9.0000e-01	5.0000e-02	3.51462000e-01
1.1000e+00	1.0000e+00	5.0000e-02	3.43761178e-01
1.1000e+00	1.1000e+00	5.0000e-02	2.34706196e-01
1.1000e+00	1.2000e+00	5.0000e-02	2.25420873e-01
1.1000e+00	1.3000e+00	5.0000e-02	1.74128638e-01
1.1000e+00	1.4000e+00	5.0000e-02	1.46079556e-01
1.1000e+00	1.5000e+00	5.0000e-02	1.65628475e-01
1.1000e+00	1.6000e+00	5.0000e-02	8.14526380e-02
1.1000e+00	1.7000e+00	5.0000e-02	1.13673658e-01
1.1000e+00	1.8000e+00	5.0000e-02	8.19608387e-02
1.1000e+00	1.9000e+00	5.0000e-02	1.05594913e-01
1.2000e+00	-2.0000e+00	5.0000e-02	9.53727526e-02
1.2000e+00	-1.9000e+00	5.0000e-02	1.10812866e-01
1.2000e+00	-1.8000e+00	5.0000e-02	9.31555627e-02
1.2000e+00	-1.7000e+00	5.0000e-02	9.62476995e-02
1.2000e+00	-1.6000e+00	5.0000e-02	1.19357856e-01
1.2000e+00	-1.5000e+00	5.0000e-02	1.46176246e-01
1.2000e+00	-1.4000e+00	5.0000e-02	1.57573526e-01
1.2000e+00	-1.3000e+00	5.0000e-02	1.66877564e-01
1.2000e+00	-1.2000e+00	5.0000e-02	2.08520455e-01
1.2000e+00	-1.1000e+00	5.0000e-02	2.93768687e-01
1.2000e+00	-1.0000e+00	5.0000e-02	3.66052091e-01
1.2000e+00	-9.0000e-01	5.0000e-02	3.94756547e-01
1.2000e+00	-8.0000e-01	5.0000e-02	4.52431051e-01
1.2000e+00	-7.0000e-01	5.0000e-02	4.83248167e-01
1.2000e+00	-6.0000e-01	5.0000e-02	5.85105722e-01
1.2000e+00	-5.0000e-01	5.0000e-02	7.14036250e-01
1.2000e+00	-4.0000e-01	5.0000e-02	8.51660709e-01
1.2000e+00	-3.0000e-01	5.0000e-02	9.99419148e-01
1.2000e+00	-2.0000e-01	5.0000e-02	1.14463598e+00
1.2000e+00	-1.0000e-01	5.0000e-02	1.20350568e+00
1.2000e+00	-2.7756e-16	5.0000e-02	1.28800804e+00
1.2000e+00	1.0000e-01	5.0000e-02	1.23261248e+00
1.2000e+00	2.0000e-01	5.0000e-02	1.11810934e+00
1.2000e+00	3.0000e-01	5.0000e-02	9.93967426e-01
1.2000e+00	4.0000e-01	5.0000e-02	8.35629188e-01
1.2000e+00	5.0000e-01	5.0000e-02	7.24082147e-01
1.2000e+00	6.0000e-01	5.0000e-02	5.98338152e-01
1.2000e+00	7.0000e-01	5.0000e-02	4.91335959e-01
1.2000e+00	8.0000e-01	5.0000e-02	4.55704645e-01
1.2000e+00	9.0000e-01	5.0000e-02	3.66345614e-01
1.2000e+00	1.0000e+00	5.0000e-02	3.68476276e-01
1.2000e+00	1.1000e+00	5.0000e-02	2.70648585e-01
1.2000e+00	1.2000e+00	5.0000e-02	2.03726083e-01
1.2000e+00	1.3000e+00	5.0000e-02	1.44242351e-01
1.2000e+00	1.4000e+00	5.0000e-02	1.39516884e-01
1.2000e+00	1.5000e+00	5.0000e-02	1.36112849e-01
1.2000e+00	1.6000e+00	5.0000e-02	1.06030012e-01
1.2000e+00	1.7000e+00	5.0000e-02	1.52525283e-01
1.2000e+00	1.8000e+00	5.0000e-02	6.88641558e-02
1.2000e+00	1.9000e+00	5.0000e-02	1.19096779e-01
1.3000e+00	-2.0000e+00	5.0000e-02	8.77017560e-02
1.3000e+00	-1.9000e+00	5.0000e-02	8.02368069e-02
1.3000e+00	-1.8000e+00	5.0000e-02	9.74905999e-02
1.3000e+00	-1.7000e+00	5.0000e-02	7.75144557e-02
1.3000e+00	-1.6000e+00	5.0000e-02	1.71411735e-01
1.3000e+00	-1.5000e+00	5.0000e-02	1.36138911e-01
1.3000e+00	-1.4000e+00	5.0000e-02	1.08020427e-01
1.3000e+00	-1.3000e+00	5.0000e-02	1.76144718e-01
1.3000e+00	-1.2000e+00	5.0000e-02	2.16529922e-01
1.3000e+00	-1.1000e+00	5.0000e-02	3.01358913e-01
1.3000e+00	-1.0000e+00	5.0000e-02	2.87234507e-01
1.3000e+00	-9.0000e-01	5.0000e-02	3.35049378e-01
1.3000e+00	-8.0000e-01	5.0000e-02	3.99114439e-01
1.3000e+00	-7.0000e-01	5.0000e-02	4.55397464e-01
1.3000e+00	-6.0000e-01	5.0000e-02	5.95305238e-01
1.3000e+00	-5.0000e-01	5.0000e-02	6.79151508e-01
1.3000e+00	-4.0000e-01	5.0000e-02	7.96039560e-01
1.3000e+00	-3.0000e-01	5.0000e-02	9.09914332e-01
1.3000e+00	-2.0000e-01	5.0000e-02	1.01906219e+00
1.3000e+00	-1.0000e-01	5.0000e-02	1.10874306e+00
1.3000e+00	-2.7756e-16	5.0000e-02	1.17136022e+00
1.3000e+00	1.0000e-01	5.0000e-02	1.05845503e+00
1.3000e+00	2.0000e-01	5.0000e-02	1.06196424e+00
1.3000e+00	3.0000e-01	5.0000e-02	8.69181302e-01
1.3000e+00	4.0000e-01	5.0000e-02	8.07532475e-01
1.3000e+00	5.0000e-01	5.0000e-02	6.29251402e-01
1.3000e+00	6.0000e-01	5.0000e-02	5.88710502e-01
1.3000e+00	7.0000e-01	5.0000e-02	4.35391042e-01
1.3000e+00	8.0000e-01	5.0000e-02	4.18835547e-01
1.3000e+00	9.0000e-01	5.0000e-02	2.92142390e-01
1.3000e+00	1.0000e+00	5.0000e-02	3.08083037e-01
1.3000e+00	1.1000e+00	5.0000e-02	2.47475858e-01
1.3000e+00	1.2000e+00	5.0000e-02	1.89279871e-01
1.3000e+00	1.3000e+00	5.0000e-02	1.96951642e-01
1.3000e+00	1.4000e+00	5.0000e-02	1.65447967e-01
1.3000e+00	1.5000e+00	5.0000e-02	1.88996583e-01
1.3000e+00	1.6000e+00	5.0000e-02	1.16168885e-01
1.3000e+00	1.7000e+00	5.0000e-02	1.18454065e-01
1.3000e+00	1.8000e+00	5.0000e-02	5.74977568e-02
1.3000e+00	1.9000e+00	5.0000e-02	1.03770674e-01
1.4000e+00	-2.0000e+00	5.0000e-02	7.37570401e-02
1.4000e+00	-1.9000e+00	5.0000e-02	8.44001420e-02
1.4000e+00	-1.8000e+00	5.0000e-02	3.30772297e-02
1.4000e+00	-1.7000e+00	5.0000e-02	1.12239790e-01
1.4000e+00	-1.6000e+00	5.0000e-02	1.34149098e-01
1.4000e+00	-1.5000e+00	5.0000e-02	1.23884126e-01
1.4000e+00	-1.4000e+00	5.0000e-02	1.21155849e-01
1.4000e+00	-1.3000e+00	5.0000e-02	1.88997172e-01
1.4000e+00	-1.2000e+00	5.0000e-02	1.67156164e-01
1.4000e+00	-1.1000e+00	5.0000e-02	2.36209380e-01
1.4000e+00	-1.0000e+00	5.0000e-02	2.61879800e-01
1.4000e+00	-9.0000e-01	5.0000e-02	3.22822751e-01
1.4000e+00	-8.0000e-01	5.0000e-02	4.04635969e-01
1.4000e+00	-7.0000e-01	5.0000e-02	4.53665103e-01
1.4000e+00	-6.0000e-01	5.0000e-02	5.29016474e-01
1.4000e+00	-5.0000e-01	5.0000e-02	5.88217389e-01
1.4000e+00	-4.0000e-01	5.0000e-02	6.96009503e-01
1.4000e+00	-3.0000e-01	5.0000e-02	8.10465255e-01
1.4000e+00	-2.0000e-01	5.0000e-02	8.76738722e-01
1.4000e+00	-1.0000e-01	5.0000e-02	1.00129245e+00
1.4000e+00	-2.7756e-16	5.0000e-02	1.01775512e+00
1.4000e+00	1.0000e-01	5.0000e-02	9.82523931e-01
1.4000e+00	2.0000e-01	5.0000e-02	8.36670582e-01
1.4000e+00	3.0000e-01	5.0000e-02	8.57376149e-01
1.4000e+00	4.0000e-01	5.0000e-02	6.72366883e-01
1.4000e+00	5.0000e-01	5.0000e-02	6.00656988e-01
1.4000e+00	6.0000e-01	5.0000e-02	5.34918533e-01
1.4000e+00	7.0000e-01	5.0000e-02	3.80102064e-01
1.4000e+00	8.0000e-01	5.0000e-02	3.98629463e-01
1.4000e+00	9.0000e-01	5.0000e-02	3.66148522e-01
1.4000e+00	1.0000e+00	5.0000e-02	3.01540054e-01
1.4000e+00	1.1000e+00	5.0000e-02	2.43013396e-01
1.4000e+00	1.2000e+00	5.0000e-02	1.66946353e-01
1.4000e+00	1.3000e+00	5.0000e-02	1.87248728e-01
1.4000e+00	1.4000e+00	5.0000e-02	9.01375760e-02
1.4000e+00	1.5000e+00	5.0000e-02	1.12600541e-01
1.4000e+00	1.6000e+00	5.0000e-02	1.68246114e-01
1.4000e+00	1.7000e+00	5.0000e-02	1.26668568e-01
1.4000e+00	1.8000e+00	5.0000e-02	1.05567473e-01
1.4000e+00	1.9000e+00	5.0000e-02	5.83253147e-02
1.5000e+00	-2.0000e+00	5.0000e-02	7.92961578e-02
1.5000e+00	-1.9000e+00	5.0000e-02	1.03247727e-01
1.5000e+00	-1.8000e+00	5.0000e-02	9.82973272e-02
1.5000e+00	-1.7000e+00	5.0000e-02	1.01216818e-01
1.5000e+00	-1.6000e+00	5.0000e-02	1.05207873e-01
1.5000e+00	-1.5000e+00	5.0000e-02	1.15966257e-01
1.5000e+00	-1.4000e+00	5.0000e-02	1.74625681e-01
1.5000e+00	-1.3000e+00	5.0000e-02	1.66728262e-01
1.5000e+00	-1.2000e+00	5.0000e-02	2.14494096e-01
1.5000e+00	-1.1000e+00	5.0000e-02	2.17106955e-01
1.5000e+00	-1.0000e+00	5.0000e-02	2.57936319e-01
1.5000e+00	-9.0000e-01	5.0000e-02	2.90987880e-01
1.5000e+00	-8.0000e-01	5.0000e-02	3.18224861e-01
1.5000e+00	-7.0000e-01	5.0000e-02	4.27159569e-01
1.5000e+00	-6.0000e-01	5.0000e-02	4.85136457e-01
1.5000e+00	-5.0000e-01	5.0000e-02	5.23657940e-01
1.5000e+00	-4.0000e-01	5.0000e-02	5.76913910e-01
1.5000e+00	-3.0000e-01	5.0000e-02	6.56946368e-01
1.5000e+00	-2.0000e-01	5.0000e-02	7.66470032e-01
1.5000e+00	-1.0000e-01	5.0000e-02	8.17223364e-01
1.5000e+00	-2.7756e-16	5.0000e-02	8.72559362e-01
1.5000e+00	1.0000e-01	5.0000e-02	8.28410595e-01
1.5000e+00	2.0000e-01	5.0000e-02	7.73387073e-01
1.5000e+00	3.0000e-01	5.0000e-02	7.29393511e-01
1.5000e+00	4.0000e-01	5.0000e-02	6.14767448e-01
1.5000e+00	5.0000e-01	5.0000e-02	5.45962547e-01
1.5000e+00	6.0000e-01	5.0000e-02	5.14167784e-01
1.5000e+00	7.0000e-01	5.0000e-02	3.85834132e-01
1.5000e+00	8.0000e-01	5.0000e-02	3.59000361e-01
1.5000e+00	9.0000e-01	5.0000e-02	2.81416775e-01
1.5000e+00	1.0000e+00	5.0000e-02	3.11879800e-01
1.5000e+00	1.1000e+00	5.0000e-02	1.92606704e-01
1.5000e+00	1.2000e+00	5.0000e-02	1.64943211e-01
1.5000e+00	1.3000e+00	5.0000e-02	1.38639275e-01
1.5000e+00	1.4000e+00	5.0000e-02	1.36922858e-01
1.5000e+00	1.5000e+00	5.0000e-02	1.63471586e-01
1.5000e+00	1.6000e+00	5.0000e-02	1.14840313e-01
1.5000e+00	1.7000e+00	5.0000e-02	1.24681001e-01
1.5000e+00	1.8000e+00	5.0000e-02	8.45975738e-02
1.5000e+00	1.9000e+00	5.0000e-02	8.72899955e-02
1.6000e+00	-2.0000e+00	5.0000e-02	7.26843410e-02
1.6000e+00	-1.9000e+00	5.0000e-02	8.82725447e-02
1.6000e+00	-1.8000e+00	5.0000e-02	5.14421680e-02
1.6000e+00	-1.7000e+00	5.0000e-02	8.75374282e-02
1.6000e+00	-1.6000e+00	5.0000e-02	5.19798600e-02
1.6000e+00	-1.5000e+00	5.0000e-02	1.09911275e-01
1.6000e+00	-1.4000e+00	5.0000e-02	1.24778046e-01
1.6000e+00	-1.3000e+00	5.0000e-02	1.48257551e-01
1.6000e+00	-1.2000e+00	5.0000e-02	2.06616084e-01
1.6000e+00	-1.1000e+00	5.0000e-02	1.92755362e-01
1.6000e+00	-1.0000e+00	5.0000e-02	2.82647977e-01
1.6000e+00	-9.0000e-01	5.0000e-02	3.14127783e-01
1.6000e+00	-8.0000e-01	5.0000e-02	3.16028344e-01
1.6000e+00	-7.0000e-01	5.0000e-02	3.53495707e-01
1.6000e+00	-6.0000e-01	5.0000e-02	3.77747261e-01
1.6000e+00	-5.0000e-01	5.0000e-02	4.28283407e-01
1.6000e+00	-4.0000e-01	5.0000e-02	5.72611235e-01
1.6000e+00	-3.0000e-01	5.0000e-02	5.58252923e-01
1.6000e+00	-2.0000e-01	5.0000e-02	6.82436515e-01
1.6000e+00	-1.0000e-01	5.0000e-02	6.88143385e-01
1.6000e+00	-2.7756e-16	5.0000e-02	7.16713764e-01
1.6000e+00	1.0000e-01	5.0000e-02	6.47407898e-01
1.6000e+00	2.0000e-01	5.0000e-02	6.67648597e-01
1.6000e+00	3.0000e-01	5.0000e-02	5.91192873e-01
1.6000e+00	4.0000e-01	5.0000e-02	5.64481289e-01
1.6000e+00	5.0000e-01	5.0000e-02	5.04124170e-01
1.6000e+00	6.0000e-01	5.0000e-02	3.83093832e-01
1.6000e+00	7.0000e-01	5.0000e-02	3.90876215e-01
1.6000e+00	8.0000e-01	5.0000e-02	2.81257083e-01
1.6000e+00	9.0000e-01	5.0000e-02	2.42282994e-01
1.6000e+00	1.0000e+00	5.0000e-02	1.79927884e-01
1.6000e+00	1.1000e+00	5.0000e-02	1.97596297e-01
1.6000e+00	1.2000e+00	5.0000e-02	1.54601801e-01
1.6000e+00	1.3000e+00	5.0000e-02	1.66682159e-01
1.6000e+00	1.4000e+00	5.0000e-02	9.09932812e-02
1.6000e+00	1.5000e+00	5.0000e-02	1.12690357e-01
1.6000e+00	1.6000e+00	5.0000e-02	9.97826524e-02
1.6000e+00	1.7000e+00	5.0000e-02	7.74707243e-02
1.6000e+00	1.8000e+00	5.0000e-02	3.82175347e-02
1.6000e+00	1.9000e+00	5.0000e-02	8.22735259e-02
1.7000e+00	-2.0000e+00	5.0000e-02	8.57508716e-02
1.7000e+00	-1.9000e+00	5.0000e-02	9.32788253e-02
1.7000e+00	-1.8000e+00	5.0000e-02	7.79357818e-02
1.7000e+00	-1.7000e+00	5.0000e-02	9.69272762e-02
1.7000e+00	-1.6000e+00	5.0000e-02	1.08692894e-01
1.7000e+00	-1.5000e+00	5.0000e-02	1.13163038e-01
1.7000e+00	-1.4000e+00	5.0000e-02	8.92776184e-02
1.7000e+00	-1.3000e+00	5.0000e-02	1.42662138e-01
1.7000e+00	-1.2000e+00	5.0000e-02	1.62439051e-01
1.7000e+00	-1.1000e+00	5.0000e-02	1.70296571e-01
1.7000e+00	-1.0000e+00	5.0000e-02	2.11635780e-01
1.7000e+00	-9.0000e-01	5.0000e-02	2.04826996e-01
1.7000e+00	-8.0000e-01	5.0000e-02	2.99311347e-01
1.7000e+00	-7.0000e-01	5.0000e-02	3.55269729e-01
1.7000e+00	-6.0000e-01	5.0000e-02	3.69110449e-01
1.7000e+00	-5.0000e-01	5.0000e-02	3.77302284e-01
1.7000e+00	-4.0000e-01	5.0000e-02	4.72260535e-01
1.7000e+00	-3.0000e-01	5.0000e-02	5.12374230e-01
1.7000e+00	-2.0000e-01	5.0000e-02	5.27695127e-01
1.7000e+00	-1.0000e-01	5.0000e-02	5.24769480e-01
1.7000e+00	-2.7756e-16	5.0000e-02	5.92179545e-01
1.7000e+00	1.0000e-01	5.0000e-02	6.09811590e-01
1.7000e+00	2.0000e-01	5.0000e-02	5.14558202e-01
1.7000e+00	3.0000e-01	5.0000e-02	4.76535724e-01
1.7000e+00	4.0000e-01	5.0000e-02	4.88307430e-01
1.7000e+00	5.0000e-01	5.0000e-02	3.87344253e-01
1.7000e+00	6.0000e-01	5.0000e-02	3.32773602e-01
1.7000e+00	7.0000e-01	5.0000e-02	3.21881174e-01
1.7000e+00	8.0000e-01	5.0000e-02	2.95424885e-01
1.7000e+00	9.0000e-01	5.0000e-02	2.48072422e-01
1.7000e+00	1.0000e+00	5.0000e-02	1.83620788e-01
1.7000e+00	1.1000e+00	5.0000e-02	1.78122743e-01
1.7000e+00	1.2000e+00	5.0000e-02	1.92474244e-01
1.7000e+00	1.3000e+00	5.0000e-02	1.80482801e-01
1.7000e+00	1.4000e+00	5.0000e-02	1.10864907e-01
1.7000e+00	1.5000e+00	5.0000e-02	1.84542734e-01
1.7000e+00	1.6000e+00	5.0000e-02	1.27770498e-01
1.7000e+00	1.7000e+00	5.0000e-02	8.78372338e-02
1.7000e+00	1.8000e+00	5.0000e-02	7.31743151e-02
1.7000e+00	1.9000e+00	5.0000e-02	6.74455963e-02
1.8000e+00	-2.0000e+00	5.0000e-02	1.04411738e-01
1.8000e+00	-1.9000e+00	5.0000e-02	5.15282659e-02
1.8000e+00	-1.8000e+00	5.0000e-02	7.32485170e-03
1.8000e+00	-1.7000e+00	5.0000e-02	1.39335130e-01
1.8000e+00	-1.6000e+00	5.0000e-02	7.69709345e-02
1.8000e+00	-1.5000e+00	5.0000e-02	1.47701265e-01
1.8000e+00	-1.4000e+00	5.0000e-02	8.70183031e-02
1.8000e+00	-1.3000e+00	5.0000e-02	1.47081998e-01
1.8000e+00	-1.2000e+00	5.0000e-02	1.71887010e-01
1.8000e+00	-1.1000e+00	5.0000e-02	1.15248683e-01
1.8000e+00	-1.0000e+00	5.0000e-02	1.23222792e-01
1.8000e+00	-9.0000e-01	5.0000e-02	1.89780601e-01
1.8000e+00	-8.0000e-01	5.0000e-02	2.91744903e-01
1.8000e+00	-7.0000e-01	5.0000e-02	2.96098695e-01
1.8000e+00	-6.0000e-01	5.0000e-02	2.76520089e-01
1.8000e+00	-5.0000e-01	5.0000e-02	3.46821225e-01
1.8000e+00	-4.0000e-01	5.0000e-02	3.94769906e-01
1.8000e+00	-3.0000e-01	5.0000e-02	4.35377302e-01
1.8000e+00	-2.0000e-01	5.0000e-02	4.25195203e-01
1.8000e+00	-1.0000e-01	5.0000e-02	5.28283608e-01
1.8000e+00	-2.7756e-16	5.0000e-02	4.21599014e-01
1.8000e+00	1.0000e-01	5.0000e-02	4.61783715e-01
1.8000e+00	2.0000e-01	5.0000e-02	4.59043838e-01
1.8000e+00	3.0000e-01	5.0000e-02	4.22540303e-01
1.8000e+00	4.0000e-01	5.0000e-02	3.72225408e-01
1.8000e+00	5.0000e-01	5.0000e-02	3.80476826e-01
1.8000e+00	6.0000e-01	5.0000e-02	2.84584280e-01
1.8000e+00	7.0000e-01	5.0000e-02	2.11206070e-01
1.8000e+00	8.0000e-01	5.0000e-02	2.43233993e-01
1.8000e+00	9.0000e-01	5.0000e-02	1.96071550e-01
1.8000e+00	1.0000e+00	5.0000e-02	1.71851766e-01
1.8000e+00	1.1000e+00	5.0000e-02	1.70667277e-01
1.8000e+00	1.2000e+00	5.0000e-02	1.36848004e-01
1.8000e+00	1.3000e+00	5.0000e-02	1.31350252e-01
1.8000e+00	1.4000e+00	5.0000e-02	1.43308903e-01
1.8000e+00	1.5000e+00	5.0000e-02	1.24335933e-01
1.8000e+00	1.6000e+00	5.0000e-02	8.51810454e-02
1.8000e+00	1.7000e+00	5.0000e-02	8.00369478e-02
1.8000e+00	1.8000e+00	5.0000e-02	6.84633240e-02
1.8000e+00	1.9000e+00	5.0000e-02	7.12930885e-02
1.9000e+00	-2.0000e+00	5.0000e-02	5.56517939e-02
1.9000e+00	-1.9000e+00	5.0000e-02	6.38821979e-02
1.9000e+00	-1.8000e+00	5.0000e-02	3.57843848e-02
1.9000e+00	-1.7000e+00	5.0000e-02	6.50062283e-02
1.9000e+00	-1.6000e+00	5.0000e-02	1.14104142e-01
1.9000e+00	-1.5000e+00	5.0000e-02	1.23215555e-01
1.9000e+00	-1.4000e+00	5.0000e-02	8.16041409e-02
1.9000e+00	-1.3000e+00	5.0000e-02	1.79387976e-01
1.9000e+00	-1.2000e+00	5.0000e-02	1.64088600e-01
1.9000e+00	-1.1000e+00	5.0000e-02	1.58649380e-01
1.9000e+00	-1.0000e+00	5.0000e-02	1.89246673e-01
1.9000e+00	-9.0000e-01	5.0000e-02	2.27069758e-01
1.9000e+00	-8.0000e-01	5.0000e-02	2.31258538e-01
1.9000e+00	-7.0000e-01	5.0000e-02	2.37197302e-01
1.9000e+00	-6.0000e-01	5.0000e-02	2.62513250e-01
1.9000e+00	-5.0000e-01	5.0000e-02	2.83000996e-01
1.9000e+00	-4.0000e-01	5.0000e-02	2.86265934e-01
1.9000e+00	-3.0000e-01	5.0000e-02	3.32994882e-01
1.9000e+00	-2.0000e-01	5.0000e-02	3.77306049e-01
1.9000e+00	-1.0000e-01	5.0000e-02	3.32150074e-01
1.9000e+00	-2.7756e-16	5.0000e-02	3.76258196e-01
1.9000e+00	1.0000e-01	5.0000e-02	3.58419876e-01
1.9000e+00	2.0000e-01	5.0000e-02	3.10600923e-01
1.9000e+00	3.0000e-01	5.0000e-02	3.13723439e-01
1.9000e+00	4.0000e-01	5.0000e-02	3.02771662e-01
1.9000e+00	5.0000e-01	5.0000e-02	3.19228560e-01
1.9000e+00	6.0000e-01	5.0000e-02	2.61236496e-01
1.9000e+00	7.0000e-01	5.0000e-02	2.42424065e-01
1.9000e+00	8.0000e-01	5.0000e-02	2.11193700e-01
1.9000e+00	9.0000e-01	5.0000e-02	1.99317108e-01
1.9000e+00	1.0000e+00	5.0000e-02	1.32722836e-01
1.9000e+00	1.1000e+00	5.0000e-02	1.51453406e-01
1.9000e+00	1.2000e+00	5.0000e-02	1.37726112e-01
1.9000e+00	1.3000e+00	5.0000e-02	1.17511312e-01
1.9000e+00	1.4000e+00	5.0000e-02	1.00235005e-01
1.9000e+00	1.5000e+00	5.0000e-02	1.24006947e-01
1.9000e+00	1.6000e+00	5.0000e-02	6.68082558e-02
1.9000e+00	1.7000e+00	5.0000e-02	6.78781947e-02
1.9000e+00	1.8000e+00	5.0000e-02	7.76792827e-02
1.9000e+00	1.9000e+00	5.0000e-02	6.83201329e-02
