-2.0000e+00	-2.0000e+00	5.0000e-02	-1.12990432e+00
-2.0000e+00	-1.9000e+00	5.0000e-02	-3.33364153e-01
-2.0000e+00	-1.8000e+00	5.0000e-02	-1.92961465e+00
-2.0000e+00	-1.7000e+00	5.0000e-02	-6.98520057e-01
-2.0000e+00	-1.6000e+00	5.0000e-02	-1.43421767e+00
-2.0000e+00	-1.5000e+00	5.0000e-02	-4.46046986e-01
-2.0000e+00	-1.4000e+00	5.0000e-02	-7.20575429e-01
-2.0000e+00	-1.3000e+00	5.0000e-02	-5.66556199e-01
-2.0000e+00	-1.2000e+00	5.0000e-02	-7.92985823e-01
-2.0000e+00	-1.1000e+00	5.0000e-02	-1.47773489e+00
-2.0000e+00	-1.0000e+00	5.0000e-02	-8.89254508e-01
-2.0000e+00	-9.0000e-01	5.0000e-02	-3.97873992e-02
-2.0000e+00	-8.0000e-01	5.0000e-02	-1.08724212e+00
-2.0000e+00	-7.0000e-01	5.0000e-02	-1.66675161e+00
-2.0000e+00	-6.0000e-01	5.0000e-02	-3.37927155e-01
-2.0000e+00	-5.0000e-01	5.0000e-02	2.98759296e-01
-2.0000e+00	-4.0000e-01	5.0000e-02	6.71161145e-01
-2.0000e+00	-3.0000e-01	5.0000e-02	9.93378930e-01
-2.0000e+00	-2.0000e-01	5.0000e-02	3.68691220e-01
-2.0000e+00	-1.0000e-01	5.0000e-02	1.92739868e+00
-2.0000e+00	-2.7756e-16	5.0000e-02	2.42417459e+00
-2.0000e+00	1.0000e-01	5.0000e-02	3.22282085e+00
-2.0000e+00	2.0000e-01	5.0000e-02	2.30283913e+00
-2.0000e+00	3.0000e-01	5.0000e-02	3.94202746e+00
-2.0000e+00	4.0000e-01	5.0000e-02	3.29132482e+00
-2.0000e+00	5.0000e-01	5.0000e-02	1.93201010e+00
-2.0000e+00	6.0000e-01	5.0000e-02	2.46712968e+00
-2.0000e+00	7.0000e-01	5.0000e-02	2.68463383e+00
-2.0000e+00	8.0000e-01	5.0000e-02	1.03614745e+00
-2.0000e+00	9.0000e-01	5.0000e-02	1.38627300e+00
-2.0000e+00	1.0000e+00	5.0000e-02	1.37814470e+00
-2.0000e+00	1.1000e+00	5.0000e-02	1.07186003e+00
-2.0000e+00	1.2000e+00	5.0000e-02	2.03700116e+00
-2.0000e+00	1.3000e+00	5.0000e-02	9.81843469e-02
-2.0000e+00	1.4000e+00	5.0000e-02	1.14592669e+00
-2.0000e+00	1.5000e+00	5.0000e-02	5.97902131e-01
-2.0000e+00	1.6000e+00	5.0000e-02	-1.24909897e-01
-2.0000e+00	1.7000e+00	5.0000e-02	-7.62769667e-01
-2.0000e+00	1.8000e+00	5.0000e-02	6.60232340e-01
-2.0000e+00	1.9000e+00	5.0000e-02	-4.59588240e-01
-1.9000e+00	-2.0000e+00	5.0000e-02	-7.22029478e-01
-1.9000e+00	-1.9000e+00	5.0000e-02	-1.00031996e+00
-1.9000e+00	-1.8000e+00	5.0000e-02	-9.17504409e-01
-1.9000e+00	-1.7000e+00	5.0000e-02	-1.36561269e+00
-1.9000e+00	-1.6000e+00	5.0000e-02	-1.31938336e+00
-1.9000e+00	-1.5000e+00	5.0000e-02	-1.68051343e+00
-1.9000e+00	-1.4000e+00	5.0000e-02	-1.66437260e+00
-1.9000e+00	-1.3000e+00	5.0000e-02	-9.49224309e-01
-1.9000e+00	-1.2000e+00	5.0000e-02	-1.59889456e+00
-1.9000e+00	-1.1000e+00	5.0000e-02	-2.38740225e+00
-1.9000e+00	-1.0000e+00	5.0000e-02	-2.16792063e+00
-1.9000e+00	-9.0000e-01	5.0000e-02	-1.07384938e+00
-1.9000e+00	-8.0000e-01	5.0000e-02	-2.76332464e+00
-1.9000e+00	-7.0000e-01	5.0000e-02	-2.67975461e+00
-1.9000e+00	-6.0000e-01	5.0000e-02	-1.66909465e+00
-1.9000e+00	-5.0000e-01	5.0000e-02	-3.29137519e-01
-1.9000e+00	-4.0000e-01	5.0000e-02	-4.41792352e-01
-1.9000e+00	-3.0000e-01	5.0000e-02	5.04955994e-01
-1.9000e+00	-2.0000e-01	5.0000e-02	1.02760395e+00
-1.9000e+00	-1.0000e-01	5.0000e-02	2.28735317e+00
-1.9000e+00	-2.7756e-16	5.0000e-02	3.08119351e+00
-1.9000e+00	1.0000e-01	5.0000e-02	3.75765926e+00
-1.9000e+00	2.0000e-01	5.0000e-02	3.95201026e+00
-1.9000e+00	3.0000e-01	5.0000e-02	4.66654236e+00
-1.9000e+00	4.0000e-01	5.0000e-02	3.97726611e+00
-1.9000e+00	5.0000e-01	5.0000e-02	3.58782290e+00
-1.9000e+00	6.0000e-01	5.0000e-02	2.44657233e+00
-1.9000e+00	7.0000e-01	5.0000e-02	3.32563324e+00
-1.9000e+00	8.0000e-01	5.0000e-02	1.36878448e+00
-1.9000e+00	9.0000e-01	5.0000e-02	1.91490777e+00
-1.9000e+00	1.0000e+00	5.0000e-02	7.21798574e-01
-1.9000e+00	1.1000e+00	5.0000e-02	1.51997606e+00
-1.9000e+00	1.2000e+00	5.0000e-02	5.43623198e-02
-1.9000e+00	1.3000e+00	5.0000e-02	3.88518676e-01
-1.9000e+00	1.4000e+00	5.0000e-02	5.89393294e-01
-1.9000e+00	1.5000e+00	5.0000e-02	4.50310612e-01
-1.9000e+00	1.6000e+00	5.0000e-02	4.20583521e-01
-1.9000e+00	1.7000e+00	5.0000e-02	3.30284287e-01
-1.9000e+00	1.8000e+00	5.0000e-02	6.97491900e-01
-1.9000e+00	1.9000e+00	5.0000e-02	7.12974076e-01
-1.8000e+00	-2.0000e+00	5.0000e-02	-7.46252236e-01
-1.8000e+00	-1.9000e+00	5.0000e-02	-8.93537343e-01
-1.8000e+00	-1.8000e+00	5.0000e-02	-3.79487637e-01
-1.8000e+00	-1.7000e+00	5.0000e-02	-3.00142952e-01
-1.8000e+00	-1.6000e+00	5.0000e-02	-1.53642620e+00
-1.8000e+00	-1.5000e+00	5.0000e-02	-2.12885732e+00
-1.8000e+00	-1.4000e+00	5.0000e-02	-2.49680054e+00
-1.8000e+00	-1.3000e+00	5.0000e-02	-2.11415290e+00
-1.8000e+00	-1.2000e+00	5.0000e-02	-1.37971644e+00
-1.8000e+00	-1.1000e+00	5.0000e-02	-2.26810763e+00
-1.8000e+00	-1.0000e+00	5.0000e-02	-7.64144228e-01
-1.8000e+00	-9.0000e-01	5.0000e-02	-2.62026807e+00
-1.8000e+00	-8.0000e-01	5.0000e-02	-3.48671516e+00
-1.8000e+00	-7.0000e-01	5.0000e-02	-3.43130260e+00
-1.8000e+00	-6.0000e-01	5.0000e-02	-2.17807713e+00
-1.8000e+00	-5.0000e-01	5.0000e-02	-1.71874787e+00
-1.8000e+00	-4.0000e-01	5.0000e-02	-1.92215193e+00
-1.8000e+00	-3.0000e-01	5.0000e-02	-1.46932341e+00
-1.8000e+00	-2.0000e-01	5.0000e-02	4.00212232e-01
-1.8000e+00	-1.0000e-01	5.0000e-02	2.49029734e+00
-1.8000e+00	-2.7756e-16	5.0000e-02	3.12480640e+00
-1.8000e+00	1.0000e-01	5.0000e-02	3.41132611e+00
-1.8000e+00	2.0000e-01	5.0000e-02	3.86127682e+00
-1.8000e+00	3.0000e-01	5.0000e-02	3.57395528e+00
-1.8000e+00	4.0000e-01	5.0000e-02	3.50738165e+00
-1.8000e+00	5.0000e-01	5.0000e-02	4.81788638e+00
-1.8000e+00	6.0000e-01	5.0000e-02	4.09480339e+00
-1.8000e+00	7.0000e-01	5.0000e-02	3.73153345e+00
-1.8000e+00	8.0000e-01	5.0000e-02	2.96088490e+00
-1.8000e+00	9.0000e-01	5.0000e-02	2.18299681e+00
-1.8000e+00	1.0000e+00	5.0000e-02	1.63465366e+00
-1.8000e+00	1.1000e+00	5.0000e-02	1.96116828e+00
-1.8000e+00	1.2000e+00	5.0000e-02	6.99948342e-01
-1.8000e+00	1.3000e+00	5.0000e-02	7.47102351e-01
-1.8000e+00	1.4000e+00	5.0000e-02	-8.14825140e-01
-1.8000e+00	1.5000e+00	5.0000e-02	-3.29486315e-01
-1.8000e+00	1.6000e+00	5.0000e-02	9.15876268e-01
-1.8000e+00	1.7000e+00	5.0000e-02	-3.73123144e-01
-1.8000e+00	1.8000e+00	5.0000e-02	-2.11982250e-01
-1.8000e+00	1.9000e+00	5.0000e-02	2.58104193e-01
-1.7000e+00	-2.0000e+00	5.0000e-02	-4.75545952e-01
-1.7000e+00	-1.9000e+00	5.0000e-02	-7.06258386e-01
-1.7000e+00	-1.8000e+00	5.0000e-02	-8.78479314e-02
-1.7000e+00	-1.7000e+00	5.0000e-02	-9.82901289e-01
-1.7000e+00	-1.6000e+00	5.0000e-02	-9.11662002e-01
-1.7000e+00	-1.5000e+00	5.0000e-02	-1.76099788e+00
-1.7000e+00	-1.4000e+00	5.0000e-02	-1.74764527e+00
-1.7000e+00	-1.3000e+00	5.0000e-02	-1.97696474e+00
-1.7000e+00	-1.2000e+00	5.0000e-02	-1.68165047e+00
-1.7000e+00	-1.1000e+00	5.0000e-02	-3.16801919e+00
-1.7000e+00	-1.0000e+00	5.0000e-02	-2.73452956e+00
-1.7000e+00	-9.0000e-01	5.0000e-02	-3.75029519e+00
-1.7000e+00	-8.0000e-01	5.0000e-02	-3.59950091e+00
-1.7000e+00	-7.0000e-01	5.0000e-02	-3.76786571e+00
-1.7000e+00	-6.0000e-01	5.0000e-02	-3.86913388e+00
-1.7000e+00	-5.0000e-01	5.0000e-02	-3.27320488e+00
-1.7000e+00	-4.0000e-01	5.0000e-02	-2.23642060e+00
-1.7000e+00	-3.0000e-01	5.0000e-02	-1.49207633e+00
-1.7000e+00	-2.0000e-01	5.0000e-02	1.31848407e-01
-1.7000e+00	-1.0000e-01	5.0000e-02	1.08585959e+00
-1.7000e+00	-2.7756e-16	5.0000e-02	2.71589308e+00
-1.7000e+00	1.0000e-01	5.0000e-02	4.14661783e+00
-1.7000e+00	2.0000e-01	5.0000e-02	4.87141473e+00
-1.7000e+00	3.0000e-01	5.0000e-02	6.08815787e+00
-1.7000e+00	4.0000e-01	5.0000e-02	4.83926454e+00
-1.7000e+00	5.0000e-01	5.0000e-02	4.71827633e+00
-1.7000e+00	6.0000e-01	5.0000e-02	3.37262337e+00
-1.7000e+00	7.0000e-01	5.0000e-02	3.03235205e+00
-1.7000e+00	8.0000e-01	5.0000e-02	3.97562237e+00
-1.7000e+00	9.0000e-01	5.0000e-02	2.11396216e+00
-1.7000e+00	1.0000e+00	5.0000e-02	1.14587628e+00
-1.7000e+00	1.1000e+00	5.0000e-02	6.62309080e-01
-1.7000e+00	1.2000e+00	5.0000e-02	1.24046988e+00
-1.7000e+00	1.3000e+00	5.0000e-02	1.18472795e+00
-1.7000e+00	1.4000e+00	5.0000e-02	1.08091917e+00
-1.7000e+00	1.5000e+00	5.0000e-02	2.58036028e-02
-1.7000e+00	1.6000e+00	5.0000e-02	7.51125311e-01
-1.7000e+00	1.7000e+00	5.0000e-02	5.14682382e-01
-1.7000e+00	1.8000e+00	5.0000e-02	2.09809008e-01
-1.7000e+00	1.9000e+00	5.0000e-02	1.24723122e-01
-1.6000e+00	-2.0000e+00	5.0000e-02	-3.30986900e-01
-1.6000e+00	-1.9000e+00	5.0000e-02	-4.44355765e-01
-1.6000e+00	-1.8000e+00	5.0000e-02	-7.69515100e-01
-1.6000e+00	-1.7000e+00	5.0000e-02	-1.89484111e+00
-1.6000e+00	-1.6000e+00	5.0000e-02	-1.69471976e+00
-1.6000e+00	-1.5000e+00	5.0000e-02	-2.61702672e+00
-1.6000e+00	-1.4000e+00	5.0000e-02	-2.22279915e+00
-1.6000e+00	-1.3000e+00	5.0000e-02	-1.68663764e+00
-1.6000e+00	-1.2000e+00	5.0000e-02	-3.85600548e+00
-1.6000e+00	-1.1000e+00	5.0000e-02	-2.34595623e+00
-1.6000e+00	-1.0000e+00	5.0000e-02	-4.88016609e+00
-1.6000e+00	-9.0000e-01	5.0000e-02	-3.38123757e+00
-1.6000e+00	-8.0000e-01	5.0000e-02	-4.34272771e+00
-1.6000e+00	-7.0000e-01	5.0000e-02	-4.52527163e+00
-1.6000e+00	-6.0000e-01	5.0000e-02	-4.82588080e+00
-1.6000e+00	-5.0000e-01	5.0000e-02	-5.32120429e+00
-1.6000e+00	-4.0000e-01	5.0000e-02	-5.30157897e+00
-1.6000e+00	-3.0000e-01	5.0000e-02	-4.20042577e+00
-1.6000e+00	-2.0000e-01	5.0000e-02	-2.12600664e+00
-1.6000e+00	-1.0000e-01	5.0000e-02	-2.16154246e-01
-1.6000e+00	-2.7756e-16	5.0000e-02	1.98487517e+00
-1.6000e+00	1.0000e-01	5.0000e-02	4.96963885e+00
-1.6000e+00	2.0000e-01	5.0000e-02	5.60220052e+00
-1.6000e+00	3.0000e-01	5.0000e-02	6.18953974e+00
-1.6000e+00	4.0000e-01	5.0000e-02	6.52085436e+00
-1.6000e+00	5.0000e-01	5.0000e-02	6.04001472e+00
-1.6000e+00	6.0000e-01	5.0000e-02	5.10986552e+00
-1.6000e+00	7.0000e-01	5.0000e-02	4.10829240e+00
-1.6000e+00	8.0000e-01	5.0000e-02	2.53784326e+00
-1.6000e+00	9.0000e-01	5.0000e-02	2.37021591e+00
-1.6000e+00	1.0000e+00	5.0000e-02	1.28171540e+00
-1.6000e+00	1.1000e+00	5.0000e-02	7.36539547e-01
-1.6000e+00	1.2000e+00	5.0000e-02	1.82536788e+00
-1.6000e+00	1.3000e+00	5.0000e-02	1.04379847e-01
-1.6000e+00	1.4000e+00	5.0000e-02	1.46358489e+00
-1.6000e+00	1.5000e+00	5.0000e-02	-3.79578436e-03
-1.6000e+00	1.6000e+00	5.0000e-02	-3.66492655e-01
-1.6000e+00	1.7000e+00	5.0000e-02	6.15569731e-02
-1.6000e+00	1.8000e+00	5.0000e-02	1.63929718e-01
-1.6000e+00	1.9000e+00	5.0000e-02	-7.38318069e-02
-1.5000e+00	-2.0000e+00	5.0000e-02	-5.44373989e-01
-1.5000e+00	-1.9000e+00	5.0000e-02	-4.96762252e-01
-1.5000e+00	-1.8000e+00	5.0000e-02	-1.36591477e-01
-1.5000e+00	-1.7000e+00	5.0000e-02	-1.75836718e+00
-1.5000e+00	-1.6000e+00	5.0000e-02	-1.30156090e+00
-1.5000e+00	-1.5000e+00	5.0000e-02	-1.46390723e+00
-1.5000e+00	-1.4000e+00	5.0000e-02	-1.26499747e+00
-1.5000e+00	-1.3000e+00	5.0000e-02	-2.28765394e+00
-1.5000e+00	-1.2000e+00	5.0000e-02	-3.03096326e+00
-1.5000e+00	-1.1000e+00	5.0000e-02	-3.30565154e+00
-1.5000e+00	-1.0000e+00	5.0000e-02	-3.45977090e+00
-1.5000e+00	-9.0000e-01	5.0000e-02	-4.64478271e+00
-1.5000e+00	-8.0000e-01	5.0000e-02	-5.97477164e+00
-1.5000e+00	-7.0000e-01	5.0000e-02	-7.22259034e+00
-1.5000e+00	-6.0000e-01	5.0000e-02	-8.08699634e+00
-1.5000e+00	-5.0000e-01	5.0000e-02	-9.40730678e+00
-1.5000e+00	-4.0000e-01	5.0000e-02	-9.00548180e+00
-1.5000e+00	-3.0000e-01	5.0000e-02	-6.87147975e+00
-1.5000e+00	-2.0000e-01	5.0000e-02	-5.85901106e+00
-1.5000e+00	-1.0000e-01	5.0000e-02	-1.96719725e+00
-1.5000e+00	-2.7756e-16	5.0000e-02	1.77581939e+00
-1.5000e+00	1.0000e-01	5.0000e-02	4.20661443e+00
-1.5000e+00	2.0000e-01	5.0000e-02	6.19287268e+00
-1.5000e+00	3.0000e-01	5.0000e-02	7.39453150e+00
-1.5000e+00	4.0000e-01	5.0000e-02	7.69988726e+00
-1.5000e+00	5.0000e-01	5.0000e-02	6.73721686e+00
-1.5000e+00	6.0000e-01	5.0000e-02	4.90912114e+00
-1.5000e+00	7.0000e-01	5.0000e-02	3.84809339e+00
-1.5000e+00	8.0000e-01	5.0000e-02	4.67971736e+00
-1.5000e+00	9.0000e-01	5.0000e-02	3.76877211e+00
-1.5000e+00	1.0000e+00	5.0000e-02	1.61092015e+00
-1.5000e+00	1.1000e+00	5.0000e-02	1.15617129e+00
-1.5000e+00	1.2000e+00	5.0000e-02	1.97622783e+00
-1.5000e+00	1.3000e+00	5.0000e-02	5.62005905e-01
-1.5000e+00	1.4000e+00	5.0000e-02	7.50005041e-02
-1.5000e+00	1.5000e+00	5.0000e-02	6.34319403e-01
-1.5000e+00	1.6000e+00	5.0000e-02	1.49117234e+00
-1.5000e+00	1.7000e+00	5.0000e-02	4.16595180e-01
-1.5000e+00	1.8000e+00	5.0000e-02	5.43193883e-01
-1.5000e+00	1.9000e+00	5.0000e-02	1.31985180e+00
-1.4000e+00	-2.0000e+00	5.0000e-02	-3.02123548e-01
-1.4000e+00	-1.9000e+00	5.0000e-02	-1.05198081e+00
-1.4000e+00	-1.8000e+00	5.0000e-02	-1.75314052e+00
-1.4000e+00	-1.7000e+00	5.0000e-02	-1.11608231e+00
-1.4000e+00	-1.6000e+00	5.0000e-02	-1.64659255e+00
-1.4000e+00	-1.5000e+00	5.0000e-02	-9.48682152e-01
-1.4000e+00	-1.4000e+00	5.0000e-02	-2.42671374e+00
-1.4000e+00	-1.3000e+00	5.0000e-02	-3.38086009e+00
-1.4000e+00	-1.2000e+00	5.0000e-02	-3.45996708e+00
-1.4000e+00	-1.1000e+00	5.0000e-02	-3.85313500e+00
-1.4000e+00	-1.0000e+00	5.0000e-02	-4.58063326e+00
-1.4000e+00	-9.0000e-01	5.0000e-02	-6.59409697e+00
-1.4000e+00	-8.0000e-01	5.0000e-02	-7.58977200e+00
-1.4000e+00	-7.0000e-01	5.0000e-02	-9.79749198e+00
-1.4000e+00	-6.0000e-01	5.0000e-02	-1.17911486e+01
-1.4000e+00	-5.0000e-01	5.0000e-02	-1.23994935e+01
-1.4000e+00	-4.0000e-01	5.0000e-02	-1.26334522e+01
-1.4000e+00	-3.0000e-01	5.0000e-02	-1.05949337e+01
-1.4000e+00	-2.0000e-01	5.0000e-02	-8.87451973e+00
-1.4000e+00	-1.0000e-01	5.0000e-02	-5.25701922e+00
-1.4000e+00	-2.7756e-16	5.0000e-02	-1.21203766e+00
-1.4000e+00	1.0000e-01	5.0000e-02	3.58599205e+00
-1.4000e+00	2.0000e-01	5.0000e-02	7.08921100e+00
-1.4000e+00	3.0000e-01	5.0000e-02	9.55690472e+00
-1.4000e+00	4.0000e-01	5.0000e-02	8.52779923e+00
-1.4000e+00	5.0000e-01	5.0000e-02	8.23200468e+00
-1.4000e+00	6.0000e-01	5.0000e-02	6.66841005e+00
-1.4000e+00	7.0000e-01	5.0000e-02	5.53741349e+00
-1.4000e+00	8.0000e-01	5.0000e-02	4.43897921e+00
-1.4000e+00	9.0000e-01	5.0000e-02	3.08894964e+00
-1.4000e+00	1.0000e+00	5.0000e-02	1.93707554e+00
-1.4000e+00	1.1000e+00	5.0000e-02	3.13288777e+00
-1.4000e+00	1.2000e+00	5.0000e-02	1.00271912e+00
-1.4000e+00	1.3000e+00	5.0000e-02	9.20674672e-01
-1.4000e+00	1.4000e+00	5.0000e-02	-1.07723689e-01
-1.4000e+00	1.5000e+00	5.0000e-02	-2.94055498e-01
-1.4000e+00	1.6000e+00	5.0000e-02	-1.57074310e-01
-1.4000e+00	1.7000e+00	5.0000e-02	-5.08393752e-01
-1.4000e+00	1.8000e+00	5.0000e-02	2.61729503e-01
-1.4000e+00	1.9000e+00	5.0000e-02	4.22409890e-01
-1.3000e+00	-2.0000e+00	5.0000e-02	1.13744511e-01
-1.3000e+00	-1.9000e+00	5.0000e-02	-4.61369750e-01
-1.3000e+00	-1.8000e+00	5.0000e-02	-1.43255009e+00
-1.3000e+00	-1.7000e+00	5.0000e-02	-2.41314697e+00
-1.3000e+00	-1.6000e+00	5.0000e-02	-1.47524590e+00
-1.3000e+00	-1.5000e+00	5.0000e-02	-2.11759292e+00
-1.3000e+00	-1.4000e+00	5.0000e-02	-2.13150125e+00
-1.3000e+00	-1.3000e+00	5.0000e-02	-3.24586905e+00
-1.3000e+00	-1.2000e+00	5.0000e-02	-2.83187712e+00
-1.3000e+00	-1.1000e+00	5.0000e-02	-4.45199717e+00
-1.3000e+00	-1.0000e+00	5.0000e-02	-6.50475521e+00
-1.3000e+00	-9.0000e-01	5.0000e-02	-7.48680462e+00
-1.3000e+00	-8.0000e-01	5.0000e-02	-8.66333075e+00
-1.3000e+00	-7.0000e-01	5.0000e-02	-1.03500517e+01
-1.3000e+00	-6.0000e-01	5.0000e-02	-1.32360977e+01
-1.3000e+00	-5.0000e-01	5.0000e-02	-1.57882394e+01
-1.3000e+00	-4.0000e-01	5.0000e-02	-1.71972298e+01
-1.3000e+00	-3.0000e-01	5.0000e-02	-1.77101967e+01
-1.3000e+00	-2.0000e-01	5.0000e-02	-1.47536650e+01
-1.3000e+00	-1.0000e-01	5.0000e-02	-8.44784603e+00
-1.3000e+00	-2.7756e-16	5.0000e-02	-4.96236132e+00
-1.3000e+00	1.0000e-01	5.0000e-02	2.03017243e+00
-1.3000e+00	2.0000e-01	5.0000e-02	7.58307135e+00
-1.3000e+00	3.0000e-01	5.0000e-02	9.52294858e+00
-1.3000e+00	4.0000e-01	5.0000e-02	9.24594982e+00
-1.3000e+00	5.0000e-01	5.0000e-02	8.32486365e+00
-1.3000e+00	6.0000e-01	5.0000e-02	7.13075496e+00
-1.3000e+00	7.0000e-01	5.0000e-02	5.77452352e+00
-1.3000e+00	8.0000e-01	5.0000e-02	6.03996022e+00
-1.3000e+00	9.0000e-01	5.0000e-02	3.11006512e+00
-1.3000e+00	1.0000e+00	5.0000e-02	2.69464543e+00
-1.3000e+00	1.1000e+00	5.0000e-02	1.26345464e+00
-1.3000e+00	1.2000e+00	5.0000e-02	8.28137092e-02
-1.3000e+00	1.3000e+00	5.0000e-02	1.12769964e+00
-1.3000e+00	1.4000e+00	5.0000e-02	1.22124550e+00
-1.3000e+00	1.5000e+00	5.0000e-02	6.31406328e-01
-1.3000e+00	1.6000e+00	5.0000e-02	9.55577179e-01
-1.3000e+00	1.7000e+00	5.0000e-02	-4.77890663e-02
-1.3000e+00	1.8000e+00	5.0000e-02	-2.56405252e-01
-1.3000e+00	1.9000e+00	5.0000e-02	-3.62035605e-01
-1.2000e+00	-2.0000e+00	5.0000e-02	-4.34870721e-01
-1.2000e+00	-1.9000e+00	5.0000e-02	5.67547675e-01
-1.2000e+00	-1.8000e+00	5.0000e-02	-1.67954191e+00
-1.2000e+00	-1.7000e+00	5.0000e-02	-1.46541783e+00
-1.2000e+00	-1.6000e+00	5.0000e-02	-9.57948917e-01
-1.2000e+00	-1.5000e+00	5.0000e-02	-3.42746290e+00
-1.2000e+00	-1.4000e+00	5.0000e-02	-1.27035615e+00
-1.2000e+00	-1.3000e+00	5.0000e-02	-3.45250339e+00
-1.2000e+00	-1.2000e+00	5.0000e-02	-4.58945744e+00
-1.2000e+00	-1.1000e+00	5.0000e-02	-5.33177049e+00
-1.2000e+00	-1.0000e+00	5.0000e-02	-6.68052199e+00
-1.2000e+00	-9.0000e-01	5.0000e-02	-7.94245036e+00
-1.2000e+00	-8.0000e-01	5.0000e-02	-1.10258512e+01
-1.2000e+00	-7.0000e-01	5.0000e-02	-1.36711680e+01
-1.2000e+00	-6.0000e-01	5.0000e-02	-1.61330444e+01
-1.2000e+00	-5.0000e-01	5.0000e-02	-1.95724852e+01
-1.2000e+00	-4.0000e-01	5.0000e-02	-2.23618527e+01
-1.2000e+00	-3.0000e-01	5.0000e-02	-2.36469901e+01
-1.2000e+00	-2.0000e-01	5.0000e-02	-2.13012124e+01
-1.2000e+00	-1.0000e-01	5.0000e-02	-1.43289858e+01
-1.2000e+00	-2.7756e-16	5.0000e-02	-7.12561643e+00
-1.2000e+00	1.0000e-01	5.0000e-02	-4.54188487e-01
-1.2000e+00	2.0000e-01	5.0000e-02	5.33464785e+00
-1.2000e+00	3.0000e-01	5.0000e-02	1.00353207e+01
-1.2000e+00	4.0000e-01	5.0000e-02	9.51191669e+00
-1.2000e+00	5.0000e-01	5.0000e-02	1.01600125e+01
-1.2000e+00	6.0000e-01	5.0000e-02	7.54637843e+00
-1.2000e+00	7.0000e-01	5.0000e-02	5.59594570e+00
-1.2000e+00	8.0000e-01	5.0000e-02	4.18006413e+00
-1.2000e+00	9.0000e-01	5.0000e-02	3.14552018e+00
-1.2000e+00	1.0000e+00	5.0000e-02	2.67124926e+00
-1.2000e+00	1.1000e+00	5.0000e-02	1.37146175e+00
-1.2000e+00	1.2000e+00	5.0000e-02	1.24821837e+00
-1.2000e+00	1.3000e+00	5.0000e-02	4.61536464e-01
-1.2000e+00	1.4000e+00	5.0000e-02	5.18115016e-01
-1.2000e+00	1.5000e+00	5.0000e-02	-4.84588875e-03
-1.2000e+00	1.6000e+00	5.0000e-02	3.65905881e-01
-1.2000e+00	1.7000e+00	5.0000e-02	3.31183686e-01
-1.2000e+00	1.8000e+00	5.0000e-02	-4.71747856e-01
-1.2000e+00	1.9000e+00	5.0000e-02	3.00527893e-01
-1.1000e+00	-2.0000e+00	5.0000e-02	-3.62691279e-03
-1.1000e+00	-1.9000e+00	5.0000e-02	-6.98676678e-01
-1.1000e+00	-1.8000e+00	5.0000e-02	-1.33333220e+00
-1.1000e+00	-1.7000e+00	5.0000e-02	-1.15492087e+00
-1.1000e+00	-1.6000e+00	5.0000e-02	-1.52686398e+00
-1.1000e+00	-1.5000e+00	5.0000e-02	-2.62449756e+00
-1.1000e+00	-1.4000e+00	5.0000e-02	-2.20900699e+00
-1.1000e+00	-1.3000e+00	5.0000e-02	-3.01143824e+00
-1.1000e+00	-1.2000e+00	5.0000e-02	-4.68927810e+00
-1.1000e+00	-1.1000e+00	5.0000e-02	-5.49526092e+00
-1.1000e+00	-1.0000e+00	5.0000e-02	-6.51763176e+00
-1.1000e+00	-9.0000e-01	5.0000e-02	-9.41618745e+00
-1.1000e+00	-8.0000e-01	5.0000e-02	-1.11119972e+01
-1.1000e+00	-7.0000e-01	5.0000e-02	-1.47306812e+01
-1.1000e+00	-6.0000e-01	5.0000e-02	-1.97384605e+01
-1.1000e+00	-5.0000e-01	5.0000e-02	-2.32550027e+01
-1.1000e+00	-4.0000e-01	5.0000e-02	-2.62070390e+01
-1.1000e+00	-3.0000e-01	5.0000e-02	-2.83694474e+01
-1.1000e+00	-2.0000e-01	5.0000e-02	-2.69759129e+01
-1.1000e+00	-1.0000e-01	5.0000e-02	-2.07645812e+01
-1.1000e+00	-2.7756e-16	5.0000e-02	-1.16158876e+01
-1.1000e+00	1.0000e-01	5.0000e-02	-1.83188322e+00
-1.1000e+00	2.0000e-01	5.0000e-02	4.19389624e+00
-1.1000e+00	3.0000e-01	5.0000e-02	9.49386107e+00
-1.1000e+00	4.0000e-01	5.0000e-02	1.04221579e+01
-1.1000e+00	5.0000e-01	5.0000e-02	9.86309267e+00
-1.1000e+00	6.0000e-01	5.0000e-02	6.91155534e+00
-1.1000e+00	7.0000e-01	5.0000e-02	7.02112063e+00
-1.1000e+00	8.0000e-01	5.0000e-02	4.99075208e+00
-1.1000e+00	9.0000e-01	5.0000e-02	4.50476249e+00
-1.1000e+00	1.0000e+00	5.0000e-02	2.16354089e+00
-1.1000e+00	1.1000e+00	5.0000e-02	2.52001008e+00
-1.1000e+00	1.2000e+00	5.0000e-02	1.45064470e+00
-1.1000e+00	1.3000e+00	5.0000e-02	9.26296591e-01
-1.1000e+00	1.4000e+00	5.0000e-02	3.29144831e-01
-1.1000e+00	1.5000e+00	5.0000e-02	3.96709508e-01
-1.1000e+00	1.6000e+00	5.0000e-02	-9.45873122e-01
-1.1000e+00	1.7000e+00	5.0000e-02	-1.37234215e-01
-1.1000e+00	1.8000e+00	5.0000e-02	1.03414966e+00
-1.1000e+00	1.9000e+00	5.0000e-02	-3.63709267e-01
-1.0000e+00	-2.0000e+00	5.0000e-02	-3.28088685e-03
-1.0000e+00	-1.9000e+00	5.0000e-02	-6.48353112e-01
-1.0000e+00	-1.8000e+00	5.0000e-02	-2.18732693e+00
-1.0000e+00	-1.7000e+00	5.0000e-02	-1.44865523e+00
-1.0000e+00	-1.6000e+00	5.0000e-02	-1.54102260e+00
-1.0000e+00	-1.5000e+00	5.0000e-02	-1.73882546e+00
-1.0000e+00	-1.4000e+00	5.0000e-02	-3.03034794e+00
-1.0000e+00	-1.3000e+00	5.0000e-02	-3.21768742e+00
-1.0000e+00	-1.2000e+00	5.0000e-02	-3.85706470e+00
-1.0000e+00	-1.1000e+00	5.0000e-02	-4.88901530e+00
-1.0000e+00	-1.0000e+00	5.0000e-02	-5.47979580e+00
-1.0000e+00	-9.0000e-01	5.0000e-02	-8.37908210e+00
-1.0000e+00	-8.0000e-01	5.0000e-02	-1.19888187e+01
-1.0000e+00	-7.0000e-01	5.0000e-02	-1.50859964e+01
-1.0000e+00	-6.0000e-01	5.0000e-02	-1.94391800e+01
-1.0000e+00	-5.0000e-01	5.0000e-02	-2.53048539e+01
-1.0000e+00	-4.0000e-01	5.0000e-02	-2.86374483e+01
-1.0000e+00	-3.0000e-01	5.0000e-02	-3.01931832e+01
-1.0000e+00	-2.0000e-01	5.0000e-02	-2.81009508e+01
-1.0000e+00	-1.0000e-01	5.0000e-02	-2.35181426e+01
-1.0000e+00	-2.7756e-16	5.0000e-02	-1.39759985e+01
-1.0000e+00	1.0000e-01	5.0000e-02	-3.61433394e+00
-1.0000e+00	2.0000e-01	5.0000e-02	4.79901133e+00
-1.0000e+00	3.0000e-01	5.0000e-02	9.16990445e+00
-1.0000e+00	4.0000e-01	5.0000e-02	1.05471976e+01
-1.0000e+00	5.0000e-01	5.0000e-02	1.03920004e+01
-1.0000e+00	6.0000e-01	5.0000e-02	9.18476125e+00
-1.0000e+00	7.0000e-01	5.0000e-02	6.34203066e+00
-1.0000e+00	8.0000e-01	5.0000e-02	4.15804079e+00
-1.0000e+00	9.0000e-01	5.0000e-02	3.10669210e+00
-1.0000e+00	1.0000e+00	5.0000e-02	2.58255865e+00
-1.0000e+00	1.1000e+00	5.0000e-02	5.32228804e-01
-1.0000e+00	1.2000e+00	5.0000e-02	3.30789065e-01
-1.0000e+00	1.3000e+00	5.0000e-02	-3.74232143e-02
-1.0000e+00	1.4000e+00	5.0000e-02	-1.29448567e-01
-1.0000e+00	1.5000e+00	5.0000e-02	-3.46199463e-01
-1.0000e+00	1.6000e+00	5.0000e-02	4.29879836e-01
-1.0000e+00	1.7000e+00	5.0000e-02	9.47547793e-01
-1.0000e+00	1.8000e+00	5.0000e-02	-1.38825224e-01
-1.0000e+00	1.9000e+00	5.0000e-02	7.09392937e-01
-9.0000e-01	-2.0000e+00	5.0000e-02	-5.82066805e-01
-9.0000e-01	-1.9000e+00	5.0000e-02	-8.61437619e-01
-9.0000e-01	-1.8000e+00	5.0000e-02	-2.08303541e+00
-9.0000e-01	-1.7000e+00	5.0000e-02	-9.78598919e-01
-9.0000e-01	-1.6000e+00	5.0000e-02	-2.07128714e+00
-9.0000e-01	-1.5000e+00	5.0000e-02	-2.20389807e+00
-9.0000e-01	-1.4000e+00	5.0000e-02	-2.51039867e+00
-9.0000e-01	-1.3000e+00	5.0000e-02	-2.33271436e+00
-9.0000e-01	-1.2000e+00	5.0000e-02	-4.02543547e+00
-9.0000e-01	-1.1000e+00	5.0000e-02	-5.15196299e+00
-9.0000e-01	-1.0000e+00	5.0000e-02	-7.22187572e+00
-9.0000e-01	-9.0000e-01	5.0000e-02	-8.52316429e+00
-9.0000e-01	-8.0000e-01	5.0000e-02	-1.22822556e+01
-9.0000e-01	-7.0000e-01	5.0000e-02	-1.48772792e+01
-9.0000e-01	-6.0000e-01	5.0000e-02	-1.87343269e+01
-9.0000e-01	-5.0000e-01	5.0000e-02	-2.43859864e+01
-9.0000e-01	-4.0000e-01	5.0000e-02	-2.78932966e+01
-9.0000e-01	-3.0000e-01	5.0000e-02	-2.99828782e+01
-9.0000e-01	-2.0000e-01	5.0000e-02	-2.89789162e+01
-9.0000e-01	-1.0000e-01	5.0000e-02	-2.18626253e+01
-9.0000e-01	-2.7756e-16	5.0000e-02	-1.37971542e+01
-9.0000e-01	1.0000e-01	5.0000e-02	-3.30537544e+00
-9.0000e-01	2.0000e-01	5.0000e-02	3.82118157e+00
-9.0000e-01	3.0000e-01	5.0000e-02	7.14727386e+00
-9.0000e-01	4.0000e-01	5.0000e-02	1.00665076e+01
-9.0000e-01	5.0000e-01	5.0000e-02	8.34623092e+00
-9.0000e-01	6.0000e-01	5.0000e-02	7.40761489e+00
-9.0000e-01	7.0000e-01	5.0000e-02	6.72995831e+00
-9.0000e-01	8.0000e-01	5.0000e-02	4.52155529e+00
-9.0000e-01	9.0000e-01	5.0000e-02	4.07579406e+00
-9.0000e-01	1.0000e+00	5.0000e-02	2.26489795e+00
-9.0000e-01	1.1000e+00	5.0000e-02	1.01002530e+00
-9.0000e-01	1.2000e+00	5.0000e-02	8.22910512e-01
-9.0000e-01	1.3000e+00	5.0000e-02	1.46969017e+00
-9.0000e-01	1.4000e+00	5.0000e-02	1.30010179e+00
-9.0000e-01	1.5000e+00	5.0000e-02	1.73288462e-02
-9.0000e-01	1.6000e+00	5.0000e-02	2.72358096e-01
-9.0000e-01	1.7000e+00	5.0000e-02	4.35068191e-01
-9.0000e-01	1.8000e+00	5.0000e-02	-1.10560991e-01
-9.0000e-01	1.9000e+00	5.0000e-02	9.32507426e-01
-8.0000e-01	-2.0000e+00	5.0000e-02	-1.01923669e-01
-8.0000e-01	-1.9000e+00	5.0000e-02	-1.19713782e+00
-8.0000e-01	-1.8000e+00	5.0000e-02	-6.20659228e-01
-8.0000e-01	-1.7000e+00	5.0000e-02	-8.90672799e-01
-8.0000e-01	-1.6000e+00	5.0000e-02	-1.20520247e+00
-8.0000e-01	-1.5000e+00	5.0000e-02	-1.65138997e+00
-8.0000e-01	-1.4000e+00	5.0000e-02	-2.96864225e+00
-8.0000e-01	-1.3000e+00	5.0000e-02	-2.69912810e+00
-8.0000e-01	-1.2000e+00	5.0000e-02	-4.11623930e+00
-8.0000e-01	-1.1000e+00	5.0000e-02	-4.73691986e+00
-8.0000e-01	-1.0000e+00	5.0000e-02	-5.67156773e+00
-8.0000e-01	-9.0000e-01	5.0000e-02	-8.00978395e+00
-8.0000e-01	-8.0000e-01	5.0000e-02	-1.00983910e+01
-8.0000e-01	-7.0000e-01	5.0000e-02	-1.37293465e+01
-8.0000e-01	-6.0000e-01	5.0000e-02	-1.55757741e+01
-8.0000e-01	-5.0000e-01	5.0000e-02	-2.12533761e+01
-8.0000e-01	-4.0000e-01	5.0000e-02	-2.31411392e+01
-8.0000e-01	-3.0000e-01	5.0000e-02	-2.58619214e+01
-8.0000e-01	-2.0000e-01	5.0000e-02	-2.60980778e+01
-8.0000e-01	-1.0000e-01	5.0000e-02	-1.90447305e+01
-8.0000e-01	-2.7756e-16	5.0000e-02	-1.22476242e+01
-8.0000e-01	1.0000e-01	5.0000e-02	-4.64170161e+00
-8.0000e-01	2.0000e-01	5.0000e-02	2.27683405e+00
-8.0000e-01	3.0000e-01	5.0000e-02	7.42911782e+00
-8.0000e-01	4.0000e-01	5.0000e-02	7.26001314e+00
-8.0000e-01	5.0000e-01	5.0000e-02	7.39556772e+00
-8.0000e-01	6.0000e-01	5.0000e-02	6.56041725e+00
-8.0000e-01	7.0000e-01	5.0000e-02	5.82037812e+00
-8.0000e-01	8.0000e-01	5.0000e-02	3.43132151e+00
-8.0000e-01	9.0000e-01	5.0000e-02	1.82648756e+00
-8.0000e-01	1.0000e+00	5.0000e-02	1.48281332e+00
-8.0000e-01	1.1000e+00	5.0000e-02	1.70385126e+00
-8.0000e-01	1.2000e+00	5.0000e-02	1.35237790e+00
-8.0000e-01	1.3000e+00	5.0000e-02	1.10544932e+00
-8.0000e-01	1.4000e+00	5.0000e-02	3.89951409e-01
-8.0000e-01	1.5000e+00	5.0000e-02	7.48733024e-01
-8.0000e-01	1.6000e+00	5.0000e-02	1.16767298e+00
-8.0000e-01	1.7000e+00	5.0000e-02	1.01655410e-01
-8.0000e-01	1.8000e+00	5.0000e-02	3.03031177e-01
-8.0000e-01	1.9000e+00	5.0000e-02	-1.42768973e-01
-7.0000e-01	-2.0000e+00	5.0000e-02	-1.50210553e+00
-7.0000e-01	-1.9000e+00	5.0000e-02	-7.39798199e-01
-7.0000e-01	-1.8000e+00	5.0000e-02	4.65007834e-01
-7.0000e-01	-1.7000e+00	5.0000e-02	-1.42673739e+00
-7.0000e-01	-1.6000e+00	5.0000e-02	-1.37003604e+00
-7.0000e-01	-1.5000e+00	5.0000e-02	-1.39476697e+00
-7.0000e-01	-1.4000e+00	5.0000e-02	-1.97338797e+00
-7.0000e-01	-1.3000e+00	5.0000e-02	-1.22445011e+00
-7.0000e-01	-1.2000e+00	5.0000e-02	-2.78130741e+00
-7.0000e-01	-1.1000e+00	5.0000e-02	-4.00614211e+00
-7.0000e-01	-1.0000e+00	5.0000e-02	-4.12588646e+00
-7.0000e-01	-9.0000e-01	5.0000e-02	-5.65860033e+00
-7.0000e-01	-8.0000e-01	5.0000e-02	-9.36866404e+00
-7.0000e-01	-7.0000e-01	5.0000e-02	-1.17573450e+01
-7.0000e-01	-6.0000e-01	5.0000e-02	-1.38732223e+01
-7.0000e-01	-5.0000e-01	5.0000e-02	-1.57492209e+01
-7.0000e-01	-4.0000e-01	5.0000e-02	-1.96411819e+01
-7.0000e-01	-3.0000e-01	5.0000e-02	-1.90401494e+01
-7.0000e-01	-2.0000e-01	5.0000e-02	-1.84608192e+01
-7.0000e-01	-1.0000e-01	5.0000e-02	-1.45618769e+01
-7.0000e-01	-2.7756e-16	5.0000e-02	-8.52728256e+00
-7.0000e-01	1.0000e-01	5.0000e-02	-3.34911049e+00
-7.0000e-01	2.0000e-01	5.0000e-02	2.09004479e+00
-7.0000e-01	3.0000e-01	5.0000e-02	5.40573026e+00
-7.0000e-01	4.0000e-01	5.0000e-02	5.92302713e+00
-7.0000e-01	5.0000e-01	5.0000e-02	6.13325999e+00
-7.0000e-01	6.0000e-01	5.0000e-02	4.86349293e+00
-7.0000e-01	7.0000e-01	5.0000e-02	4.44107524e+00
-7.0000e-01	8.0000e-01	5.0000e-02	3.82503121e+00
-7.0000e-01	9.0000e-01	5.0000e-02	1.23563362e+00
-7.0000e-01	1.0000e+00	5.0000e-02	8.59834721e-01
-7.0000e-01	1.1000e+00	5.0000e-02	5.05784994e-01
-7.0000e-01	1.2000e+00	5.0000e-02	3.25211088e-01
-7.0000e-01	1.3000e+00	5.0000e-02	4.89930575e-01
-7.0000e-01	1.4000e+00	5.0000e-02	1.06334503e+00
-7.0000e-01	1.5000e+00	5.0000e-02	1.17635353e+00
-7.0000e-01	1.6000e+00	5.0000e-02	-2.28381693e-01
-7.0000e-01	1.7000e+00	5.0000e-02	-1.49557649e-01
-7.0000e-01	1.8000e+00	5.0000e-02	-8.41989222e-02
-7.0000e-01	1.9000e+00	5.0000e-02	7.58141143e-01
-6.0000e-01	-2.0000e+00	5.0000e-02	5.56983760e-01
-6.0000e-01	-1.9000e+00	5.0000e-02	-8.74524983e-01
-6.0000e-01	-1.8000e+00	5.0000e-02	-1.50294098e+00
-6.0000e-01	-1.7000e+00	5.0000e-02	-7.59052861e-03
-6.0000e-01	-1.6000e+00	5.0000e-02	-9.25409273e-01
-6.0000e-01	-1.5000e+00	5.0000e-02	-2.08054651e-01
-6.0000e-01	-1.4000e+00	5.0000e-02	-1.57825339e+00
-6.0000e-01	-1.3000e+00	5.0000e-02	-1.62088875e+00
-6.0000e-01	-1.2000e+00	5.0000e-02	-1.77271223e+00
-6.0000e-01	-1.1000e+00	5.0000e-02	-3.73489015e+00
-6.0000e-01	-1.0000e+00	5.0000e-02	-1.94997004e+00
-6.0000e-01	-9.0000e-01	5.0000e-02	-5.16588793e+00
-6.0000e-01	-8.0000e-01	5.0000e-02	-5.40426275e+00
-6.0000e-01	-7.0000e-01	5.0000e-02	-7.64865099e+00
-6.0000e-01	-6.0000e-01	5.0000e-02	-1.08243225e+01
-6.0000e-01	-5.0000e-01	5.0000e-02	-1.04316526e+01
-6.0000e-01	-4.0000e-01	5.0000e-02	-1.31681670e+01
-6.0000e-01	-3.0000e-01	5.0000e-02	-1.36479124e+01
-6.0000e-01	-2.0000e-01	5.0000e-02	-1.22903743e+01
-6.0000e-01	-1.0000e-01	5.0000e-02	-8.15562999e+00
-6.0000e-01	-2.7756e-16	5.0000e-02	-5.43176555e+00
-6.0000e-01	1.0000e-01	5.0000e-02	-1.80634469e+00
-6.0000e-01	2.0000e-01	5.0000e-02	2.65856036e+00
-6.0000e-01	3.0000e-01	5.0000e-02	3.69939466e+00
-6.0000e-01	4.0000e-01	5.0000e-02	2.86928777e+00
-6.0000e-01	5.0000e-01	5.0000e-02	3.41393817e+00
-6.0000e-01	6.0000e-01	5.0000e-02	4.30113460e+00
-6.0000e-01	7.0000e-01	5.0000e-02	2.68565515e+00
-6.0000e-01	8.0000e-01	5.0000e-02	3.01498405e+00
-6.0000e-01	9.0000e-01	5.0000e-02	1.04704941e+00
-6.0000e-01	1.0000e+00	5.0000e-02	1.44047869e+00
-6.0000e-01	1.1000e+00	5.0000e-02	3.42113784e-01
-6.0000e-01	1.2000e+00	5.0000e-02	7.88272477e-01
-6.0000e-01	1.3000e+00	5.0000e-02	3.86370361e-01
-6.0000e-01	1.4000e+00	5.0000e-02	9.22813805e-01
-6.0000e-01	1.5000e+00	5.0000e-02	6.39366589e-02
-6.0000e-01	1.6000e+00	5.0000e-02	2.32371951e-01
-6.0000e-01	1.7000e+00	5.0000e-02	1.08171552e+00
-6.0000e-01	1.8000e+00	5.0000e-02	-5.89625769e-01
-6.0000e-01	1.9000e+00	5.0000e-02	-5.37886539e-01
-5.0000e-01	-2.0000e+00	5.0000e-02	-5.93059430e-02
-5.0000e-01	-1.9000e+00	5.0000e-02	6.58926129e-01
-5.0000e-01	-1.8000e+00	5.0000e-02	-1.45697672e+00
-5.0000e-01	-1.7000e+00	5.0000e-02	-2.08283316e-01
-5.0000e-01	-1.6000e+00	5.0000e-02	1.58180431e-01
-5.0000e-01	-1.5000e+00	5.0000e-02	-4.11625028e-01
-5.0000e-01	-1.4000e+00	5.0000e-02	-1.26613509e+00
-5.0000e-01	-1.3000e+00	5.0000e-02	-5.69045981e-01
-5.0000e-01	-1.2000e+00	5.0000e-02	-4.48771114e-02
-5.0000e-01	-1.1000e+00	5.0000e-02	-1.06955262e+00
-5.0000e-01	-1.0000e+00	5.0000e-02	-7.63777394e-01
-5.0000e-01	-9.0000e-01	5.0000e-02	-1.98891635e+00
-5.0000e-01	-8.0000e-01	5.0000e-02	-2.64147346e+00
-5.0000e-01	-7.0000e-01	5.0000e-02	-4.07093270e+00
-5.0000e-01	-6.0000e-01	5.0000e-02	-4.37524852e+00
-5.0000e-01	-5.0000e-01	5.0000e-02	-5.73362543e+00
-5.0000e-01	-4.0000e-01	5.0000e-02	-6.03348816e+00
-5.0000e-01	-3.0000e-01	5.0000e-02	-6.80869558e+00
-5.0000e-01	-2.0000e-01	5.0000e-02	-5.74856565e+00
-5.0000e-01	-1.0000e-01	5.0000e-02	-4.38618070e+00
-5.0000e-01	-2.7756e-16	5.0000e-02	-2.21494683e+00
-5.0000e-01	1.0000e-01	5.0000e-02	-6.91689800e-01
-5.0000e-01	2.0000e-01	5.0000e-02	2.12774968e+00
-5.0000e-01	3.0000e-01	5.0000e-02	3.40960217e+00
-5.0000e-01	4.0000e-01	5.0000e-02	2.08566850e+00
-5.0000e-01	5.0000e-01	5.0000e-02	2.79743915e+00
-5.0000e-01	6.0000e-01	5.0000e-02	2.29135303e+00
-5.0000e-01	7.0000e-01	5.0000e-02	1.70963621e+00
-5.0000e-01	8.0000e-01	5.0000e-02	1.99693688e+00
-5.0000e-01	9.0000e-01	5.0000e-02	8.73721287e-01
-5.0000e-01	1.0000e+00	5.0000e-02	1.46554564e+00
-5.0000e-01	1.1000e+00	5.0000e-02	1.76533852e-01
-5.0000e-01	1.2000e+00	5.0000e-02	1.06649865e+00
-5.0000e-01	1.3000e+00	5.0000e-02	-1.06296264e-01
-5.0000e-01	1.4000e+00	5.0000e-02	8.03490750e-01
-5.0000e-01	1.5000e+00	5.0000e-02	-2.94479649e-01
-5.0000e-01	1.6000e+00	5.0000e-02	4.85750817e-01
-5.0000e-01	1.7000e+00	5.0000e-02	-7.07053951e-01
-5.0000e-01	1.8000e+00	5.0000e-02	4.38157156e-01
-5.0000e-01	1.9000e+00	5.0000e-02	6.69832150e-01
-4.0000e-01	-2.0000e+00	5.0000e-02	1.24889276e-01
-4.0000e-01	-1.9000e+00	5.0000e-02	-1.17850932e+00
-4.0000e-01	-1.8000e+00	5.0000e-02	1.07234701e+00
-4.0000e-01	-1.7000e+00	5.0000e-02	1.05433247e-01
-4.0000e-01	-1.6000e+00	5.0000e-02	9.34675976e-01
-4.0000e-01	-1.5000e+00	5.0000e-02	2.15607414e-01
-4.0000e-01	-1.4000e+00	5.0000e-02	2.53689030e-01
-4.0000e-01	-1.3000e+00	5.0000e-02	-2.18946003e-01
-4.0000e-01	-1.2000e+00	5.0000e-02	-4.79396832e-01
-4.0000e-01	-1.1000e+00	5.0000e-02	-2.93598361e-02
-4.0000e-01	-1.0000e+00	5.0000e-02	-6.57985235e-01
-4.0000e-01	-9.0000e-01	5.0000e-02	-2.89913182e-01
-4.0000e-01	-8.0000e-01	5.0000e-02	-2.75775872e-01
-4.0000e-01	-7.0000e-01	5.0000e-02	-1.17825739e+00
-4.0000e-01	-6.0000e-01	5.0000e-02	6.35850622e-01
-4.0000e-01	-5.0000e-01	5.0000e-02	-1.94333335e+00
-4.0000e-01	-4.0000e-01	5.0000e-02	-8.46226271e-01
-4.0000e-01	-3.0000e-01	5.0000e-02	-7.06739349e-01
-4.0000e-01	-2.0000e-01	5.0000e-02	-1.80614017e+00
-4.0000e-01	-1.0000e-01	5.0000e-02	1.99114820e-01
-4.0000e-01	-2.7756e-16	5.0000e-02	3.17124982e-01
-4.0000e-01	1.0000e-01	5.0000e-02	1.91281673e+00
-4.0000e-01	2.0000e-01	5.0000e-02	1.65913442e+00
-4.0000e-01	3.0000e-01	5.0000e-02	1.29034160e+00
-4.0000e-01	4.0000e-01	5.0000e-02	5.97143468e-01
-4.0000e-01	5.0000e-01	5.0000e-02	1.72389940e+00
-4.0000e-01	6.0000e-01	5.0000e-02	1.03098971e+00
-4.0000e-01	7.0000e-01	5.0000e-02	1.00343988e+00
-4.0000e-01	8.0000e-01	5.0000e-02	7.24291643e-01
-4.0000e-01	9.0000e-01	5.0000e-02	1.05895112e+00
-4.0000e-01	1.0000e+00	5.0000e-02	2.16034561e-01
-4.0000e-01	1.1000e+00	5.0000e-02	3.33105881e-03
-4.0000e-01	1.2000e+00	5.0000e-02	9.70664403e-02
-4.0000e-01	1.3000e+00	5.0000e-02	-8.90048214e-01
-4.0000e-01	1.4000e+00	5.0000e-02	4.64944918e-01
-4.0000e-01	1.5000e+00	5.0000e-02	2.97787848e-01
-4.0000e-01	1.6000e+00	5.0000e-02	5.41683353e-01
-4.0000e-01	1.7000e+00	5.0000e-02	1.02642951e+00
-4.0000e-01	1.8000e+00	5.0000e-02	-2.13521198e-01
-4.0000e-01	1.9000e+00	5.0000e-02	5.61908582e-01
-3.0000e-01	-2.0000e+00	5.0000e-02	-1.95028613e-02
-3.0000e-01	-1.9000e+00	5.0000e-02	1.01728632e+00
-3.0000e-01	-1.8000e+00	5.0000e-02	1.16492549e+00
-3.0000e-01	-1.7000e+00	5.0000e-02	-5.76677008e-01
-3.0000e-01	-1.6000e+00	5.0000e-02	1.43103974e+00
-3.0000e-01	-1.5000e+00	5.0000e-02	-6.90634573e-01
-3.0000e-01	-1.4000e+00	5.0000e-02	1.63655604e+00
-3.0000e-01	-1.3000e+00	5.0000e-02	1.51816436e+00
-3.0000e-01	-1.2000e+00	5.0000e-02	6.88820500e-01
-3.0000e-01	-1.1000e+00	5.0000e-02	1.63484359e+00
-3.0000e-01	-1.0000e+00	5.0000e-02	9.80959275e-01
-3.0000e-01	-9.0000e-01	5.0000e-02	1.43159716e+00
-3.0000e-01	-8.0000e-01	5.0000e-02	2.56506159e+00
-3.0000e-01	-7.0000e-01	5.0000e-02	3.40872928e+00
-3.0000e-01	-6.0000e-01	5.0000e-02	3.22705915e+00
-3.0000e-01	-5.0000e-01	5.0000e-02	3.25908064e+00
-3.0000e-01	-4.0000e-01	5.0000e-02	3.51291979e+00
-3.0000e-01	-3.0000e-01	5.0000e-02	3.58743160e+00
-3.0000e-01	-2.0000e-01	5.0000e-02	4.31709125e+00
-3.0000e-01	-1.0000e-01	5.0000e-02	2.70713154e+00
-3.0000e-01	-2.7756e-16	5.0000e-02	3.25899904e+00
-3.0000e-01	1.0000e-01	5.0000e-02	9.78281265e-01
-3.0000e-01	2.0000e-01	5.0000e-02	1.04901988e+00
-3.0000e-01	3.0000e-01	5.0000e-02	4.33005714e-01
-3.0000e-01	4.0000e-01	5.0000e-02	5.73338928e-03
-3.0000e-01	5.0000e-01	5.0000e-02	-6.55262675e-01
-3.0000e-01	6.0000e-01	5.0000e-02	3.45038575e-01
-3.0000e-01	7.0000e-01	5.0000e-02	2.86784430e-01
-3.0000e-01	8.0000e-01	5.0000e-02	-9.24747795e-01
-3.0000e-01	9.0000e-01	5.0000e-02	4.12161282e-01
-3.0000e-01	1.0000e+00	5.0000e-02	5.29367356e-01
-3.0000e-01	1.1000e+00	5.0000e-02	-9.67675215e-02
-3.0000e-01	1.2000e+00	5.0000e-02	7.75026531e-02
-3.0000e-01	1.3000e+00	5.0000e-02	-6.56402598e-01
-3.0000e-01	1.4000e+00	5.0000e-02	-8.25189807e-01
-3.0000e-01	1.5000e+00	5.0000e-02	-3.49108961e-01
-3.0000e-01	1.6000e+00	5.0000e-02	-2.41920682e-01
-3.0000e-01	1.7000e+00	5.0000e-02	-1.62541185e-01
-3.0000e-01	1.8000e+00	5.0000e-02	8.43939111e-02
-3.0000e-01	1.9000e+00	5.0000e-02	1.24834394e-01
-2.0000e-01	-2.0000e+00	5.0000e-02	-4.06076984e-01
-2.0000e-01	-1.9000e+00	5.0000e-02	2.29408330e+00
-2.0000e-01	-1.8000e+00	5.0000e-02	3.33500601e-01
-2.0000e-01	-1.7000e+00	5.0000e-02	-5.53768179e-01
-2.0000e-01	-1.6000e+00	5.0000e-02	7.63338698e-01
-2.0000e-01	-1.5000e+00	5.0000e-02	1.00032512e+00
-2.0000e-01	-1.4000e+00	5.0000e-02	7.22661343e-01
-2.0000e-01	-1.3000e+00	5.0000e-02	1.29250277e+00
-2.0000e-01	-1.2000e+00	5.0000e-02	1.94157270e+00
-2.0000e-01	-1.1000e+00	5.0000e-02	2.04100409e+00
-2.0000e-01	-1.0000e+00	5.0000e-02	2.26875305e+00
-2.0000e-01	-9.0000e-01	5.0000e-02	3.84987561e+00
-2.0000e-01	-8.0000e-01	5.0000e-02	4.23079361e+00
-2.0000e-01	-7.0000e-01	5.0000e-02	4.84782893e+00
-2.0000e-01	-6.0000e-01	5.0000e-02	6.48942874e+00
-2.0000e-01	-5.0000e-01	5.0000e-02	7.65741373e+00
-2.0000e-01	-4.0000e-01	5.0000e-02	7.60558512e+00
-2.0000e-01	-3.0000e-01	5.0000e-02	6.59563636e+00
-2.0000e-01	-2.0000e-01	5.0000e-02	7.53880370e+00
-2.0000e-01	-1.0000e-01	5.0000e-02	6.21678595e+00
-2.0000e-01	-2.7756e-16	5.0000e-02	4.45438681e+00
-2.0000e-01	1.0000e-01	5.0000e-02	3.24776110e+00
-2.0000e-01	2.0000e-01	5.0000e-02	7.84727522e-01
-2.0000e-01	3.0000e-01	5.0000e-02	4.94272802e-01
-2.0000e-01	4.0000e-01	5.0000e-02	-1.83468307e+00
-2.0000e-01	5.0000e-01	5.0000e-02	-9.65789824e-01
-2.0000e-01	6.0000e-01	5.0000e-02	-1.36654603e+00
-2.0000e-01	7.0000e-01	5.0000e-02	-6.03935275e-01
-2.0000e-01	8.0000e-01	5.0000e-02	-9.89832990e-01
-2.0000e-01	9.0000e-01	5.0000e-02	-6.20097470e-01
-2.0000e-01	1.0000e+00	5.0000e-02	-4.43661169e-01
-2.0000e-01	1.1000e+00	5.0000e-02	-1.69749861e+00
-2.0000e-01	1.2000e+00	5.0000e-02	-1.24356977e+00
-2.0000e-01	1.3000e+00	5.0000e-02	7.66618259e-02
-2.0000e-01	1.4000e+00	5.0000e-02	-2.08408095e-01
-2.0000e-01	1.5000e+00	5.0000e-02	-4.12309143e-01
-2.0000e-01	1.6000e+00	5.0000e-02	-9.39421779e-01
-2.0000e-01	1.7000e+00	5.0000e-02	6.02355500e-01
-2.0000e-01	1.8000e+00	5.0000e-02	-9.85166296e-01
-2.0000e-01	1.9000e+00	5.0000e-02	-1.47128349e-01
-1.0000e-01	-2.0000e+00	5.0000e-02	-5.29774914e-01
-1.0000e-01	-1.9000e+00	5.0000e-02	2.31676888e-01
-1.0000e-01	-1.8000e+00	5.0000e-02	2.52549305e-01
-1.0000e-01	-1.7000e+00	5.0000e-02	4.71736801e-01
-1.0000e-01	-1.6000e+00	5.0000e-02	-1.51981290e-01
-1.0000e-01	-1.5000e+00	5.0000e-02	9.06027747e-01
-1.0000e-01	-1.4000e+00	5.0000e-02	2.50074599e+00
-1.0000e-01	-1.3000e+00	5.0000e-02	1.75341559e+00
-1.0000e-01	-1.2000e+00	5.0000e-02	2.45647421e+00
-1.0000e-01	-1.1000e+00	5.0000e-02	4.37003456e+00
-1.0000e-01	-1.0000e+00	5.0000e-02	4.19951813e+00
-1.0000e-01	-9.0000e-01	5.0000e-02	4.46258207e+00
-1.0000e-01	-8.0000e-01	5.0000e-02	6.48319178e+00
-1.0000e-01	-7.0000e-01	5.0000e-02	6.93631697e+00
-1.0000e-01	-6.0000e-01	5.0000e-02	8.87055703e+00
-1.0000e-01	-5.0000e-01	5.0000e-02	8.99447413e+00
-1.0000e-01	-4.0000e-01	5.0000e-02	1.04253312e+01
-1.0000e-01	-3.0000e-01	5.0000e-02	1.09124939e+01
-1.0000e-01	-2.0000e-01	5.0000e-02	1.04913185e+01
-1.0000e-01	-1.0000e-01	5.0000e-02	8.86317846e+00
-1.0000e-01	-2.7756e-16	5.0000e-02	6.46253985e+00
-1.0000e-01	1.0000e-01	5.0000e-02	3.92837041e+00
-1.0000e-01	2.0000e-01	5.0000e-02	2.20999532e+00
-1.0000e-01	3.0000e-01	5.0000e-02	-1.49668716e+00
-1.0000e-01	4.0000e-01	5.0000e-02	-2.60825999e+00
-1.0000e-01	5.0000e-01	5.0000e-02	-2.82573859e+00
-1.0000e-01	6.0000e-01	5.0000e-02	-2.45147471e+00
-1.0000e-01	7.0000e-01	5.0000e-02	-2.05274024e+00
-1.0000e-01	8.0000e-01	5.0000e-02	-5.68125834e-01
-1.0000e-01	9.0000e-01	5.0000e-02	-1.31533966e+00
-1.0000e-01	1.0000e+00	5.0000e-02	-1.09380089e+00
-1.0000e-01	1.1000e+00	5.0000e-02	-7.80214342e-01
-1.0000e-01	1.2000e+00	5.0000e-02	-1.68096916e+00
-1.0000e-01	1.3000e+00	5.0000e-02	-1.42020979e-01
-1.0000e-01	1.4000e+00	5.0000e-02	1.33585610e-01
-1.0000e-01	1.5000e+00	5.0000e-02	-8.20568210e-01
-1.0000e-01	1.6000e+00	5.0000e-02	-1.52529962e-01
-1.0000e-01	1.7000e+00	5.0000e-02	2.02528235e-01
-1.0000e-01	1.8000e+00	5.0000e-02	-2.04954674e-01
-1.0000e-01	1.9000e+00	5.0000e-02	4.63295882e-01
6.3838e-16	-2.0000e+00	5.0000e-02	3.79316988e-01
6.3838e-16	-1.9000e+00	5.0000e-02	1.32375686e+00
6.3838e-16	-1.8000e+00	5.0000e-02	1.09136543e+00
6.3838e-16	-1.7000e+00	5.0000e-02	1.54238965e+00
6.3838e-16	-1.6000e+00	5.0000e-02	1.40757824e+00
6.3838e-16	-1.5000e+00	5.0000e-02	1.65181434e+00
6.3838e-16	-1.4000e+00	5.0000e-02	1.47301614e+00
6.3838e-16	-1.3000e+00	5.0000e-02	2.30004503e+00
6.3838e-16	-1.2000e+00	5.0000e-02	2.67383195e+00
6.3838e-16	-1.1000e+00	5.0000e-02	3.83731414e+00
6.3838e-16	-1.0000e+00	5.0000e-02	4.58857591e+00
6.3838e-16	-9.0000e-01	5.0000e-02	5.47526097e+00
6.3838e-16	-8.0000e-01	5.0000e-02	6.86018009e+00
6.3838e-16	-7.0000e-01	5.0000e-02	8.28150852e+00
6.3838e-16	-6.0000e-01	5.0000e-02	1.01938346e+01
6.3838e-16	-5.0000e-01	5.0000e-02	1.07574087e+01
6.3838e-16	-4.0000e-01	5.0000e-02	1.18442616e+01
6.3838e-16	-3.0000e-01	5.0000e-02	1.30537737e+01
6.3838e-16	-2.0000e-01	5.0000e-02	1.19115205e+01
6.3838e-16	-1.0000e-01	5.0000e-02	1.11562261e+01
6.3838e-16	-2.7756e-16	5.0000e-02	6.92351272e+00
6.3838e-16	1.0000e-01	5.0000e-02	4.00111204e+00
6.3838e-16	2.0000e-01	5.0000e-02	1.11886521e+00
6.3838e-16	3.0000e-01	5.0000e-02	-3.54823831e-01
6.3838e-16	4.0000e-01	5.0000e-02	-2.15041250e+00
6.3838e-16	5.0000e-01	5.0000e-02	-3.09323008e+00
6.3838e-16	6.0000e-01	5.0000e-02	-1.77802279e+00
6.3838e-16	7.0000e-01	5.0000e-02	-2.09903134e+00
6.3838e-16	8.0000e-01	5.0000e-02	-1.45708933e+00
6.3838e-16	9.0000e-01	5.0000e-02	-2.13009888e+00
6.3838e-16	1.0000e+00	5.0000e-02	-2.24061454e+00
6.3838e-16	1.1000e+00	5.0000e-02	-1.72412660e+00
6.3838e-16	1.2000e+00	5.0000e-02	-1.88266381e+00
6.3838e-16	1.3000e+00	5.0000e-02	-8.42559099e-01
6.3838e-16	1.4000e+00	5.0000e-02	-6.08445387e-01
6.3838e-16	1.5000e+00	5.0000e-02	-3.41632409e-01
6.3838e-16	1.6000e+00	5.0000e-02	4.07762492e-03
6.3838e-16	1.7000e+00	5.0000e-02	-1.06691268e+00
6.3838e-16	1.8000e+00	5.0000e-02	1.37323955e-01
6.3838e-16	1.9000e+00	5.0000e-02	-3.14439736e-01
1.0000e-01	-2.0000e+00	5.0000e-02	1.14393293e+00
1.0000e-01	-1.9000e+00	5.0000e-02	8.24281614e-01
1.0000e-01	-1.8000e+00	5.0000e-02	2.40206873e-01
1.0000e-01	-1.7000e+00	5.0000e-02	1.55713926e+00
1.0000e-01	-1.6000e+00	5.0000e-02	1.99346632e+00
1.0000e-01	-1.5000e+00	5.0000e-02	2.21155237e+00
1.0000e-01	-1.4000e+00	5.0000e-02	1.04383861e+00
1.0000e-01	-1.3000e+00	5.0000e-02	2.11443500e+00
1.0000e-01	-1.2000e+00	5.0000e-02	2.85209675e+00
1.0000e-01	-1.1000e+00	5.0000e-02	4.55746756e+00
1.0000e-01	-1.0000e+00	5.0000e-02	5.00672964e+00
1.0000e-01	-9.0000e-01	5.0000e-02	6.89282121e+00
1.0000e-01	-8.0000e-01	5.0000e-02	7.87872872e+00
1.0000e-01	-7.0000e-01	5.0000e-02	8.37945046e+00
1.0000e-01	-6.0000e-01	5.0000e-02	9.76643486e+00
1.0000e-01	-5.0000e-01	5.0000e-02	1.23090416e+01
1.0000e-01	-4.0000e-01	5.0000e-02	1.35287286e+01
1.0000e-01	-3.0000e-01	5.0000e-02	1.36952350e+01
1.0000e-01	-2.0000e-01	5.0000e-02	1.32002097e+01
1.0000e-01	-1.0000e-01	5.0000e-02	9.63950065e+00
1.0000e-01	-2.7756e-16	5.0000e-02	6.16972859e+00
1.0000e-01	1.0000e-01	5.0000e-02	4.33777310e+00
1.0000e-01	2.0000e-01	5.0000e-02	1.50941426e+00
1.0000e-01	3.0000e-01	5.0000e-02	-2.05152017e+00
1.0000e-01	4.0000e-01	5.0000e-02	-2.70092803e+00
1.0000e-01	5.0000e-01	5.0000e-02	-3.25076358e+00
1.0000e-01	6.0000e-01	5.0000e-02	-4.11077902e+00
1.0000e-01	7.0000e-01	5.0000e-02	-2.72569894e+00
1.0000e-01	8.0000e-01	5.0000e-02	-3.26343010e+00
1.0000e-01	9.0000e-01	5.0000e-02	-1.39492927e+00
1.0000e-01	1.0000e+00	5.0000e-02	-1.33707256e+00
1.0000e-01	1.1000e+00	5.0000e-02	-1.77809206e+00
1.0000e-01	1.2000e+00	5.0000e-02	-1.94107148e+00
1.0000e-01	1.3000e+00	5.0000e-02	-1.16876392e+00
1.0000e-01	1.4000e+00	5.0000e-02	1.14947427e-01
1.0000e-01	1.5000e+00	5.0000e-02	-2.98389546e-01
1.0000e-01	1.6000e+00	5.0000e-02	6.57227293e-01
1.0000e-01	1.7000e+00	5.0000e-02	-5.31143062e-01
1.0000e-01	1.8000e+00	5.0000e-02	6.67701600e-02
1.0000e-01	1.9000e+00	5.0000e-02	-2.76498960e-01
2.0000e-01	-2.0000e+00	5.0000e-02	1.26060908e+00
2.0000e-01	-1.9000e+00	5.0000e-02	3.72786504e-01
2.0000e-01	-1.8000e+00	5.0000e-02	9.14986782e-01
2.0000e-01	-1.7000e+00	5.0000e-02	4.78438702e-01
2.0000e-01	-1.6000e+00	5.0000e-02	1.31555828e+00
2.0000e-01	-1.5000e+00	5.0000e-02	1.78671162e+00
2.0000e-01	-1.4000e+00	5.0000e-02	2.99477596e+00
2.0000e-01	-1.3000e+00	5.0000e-02	2.49374759e+00
2.0000e-01	-1.2000e+00	5.0000e-02	2.47830093e+00
2.0000e-01	-1.1000e+00	5.0000e-02	3.37124333e+00
2.0000e-01	-1.0000e+00	5.0000e-02	5.29773630e+00
2.0000e-01	-9.0000e-01	5.0000e-02	6.31901522e+00
2.0000e-01	-8.0000e-01	5.0000e-02	8.41504247e+00
2.0000e-01	-7.0000e-01	5.0000e-02	9.47519220e+00
2.0000e-01	-6.0000e-01	5.0000e-02	1.04790302e+01
2.0000e-01	-5.0000e-01	5.0000e-02	1.15162255e+01
2.0000e-01	-4.0000e-01	5.0000e-02	1.27878248e+01
2.0000e-01	-3.0000e-01	5.0000e-02	1.31061775e+01
2.0000e-01	-2.0000e-01	5.0000e-02	1.27988720e+01
2.0000e-01	-1.0000e-01	5.0000e-02	9.96753966e+00
2.0000e-01	-2.7756e-16	5.0000e-02	6.25951420e+00
2.0000e-01	1.0000e-01	5.0000e-02	3.81098190e+00
2.0000e-01	2.0000e-01	5.0000e-02	9.83345654e-01
2.0000e-01	3.0000e-01	5.0000e-02	-6.52714899e-01
2.0000e-01	4.0000e-01	5.0000e-02	-1.77959132e+00
2.0000e-01	5.0000e-01	5.0000e-02	-3.19452597e+00
2.0000e-01	6.0000e-01	5.0000e-02	-3.77367254e+00
2.0000e-01	7.0000e-01	5.0000e-02	-3.34966851e+00
2.0000e-01	8.0000e-01	5.0000e-02	-1.92783280e+00
2.0000e-01	9.0000e-01	5.0000e-02	-1.84523233e+00
2.0000e-01	1.0000e+00	5.0000e-02	-2.03961767e+00
2.0000e-01	1.1000e+00	5.0000e-02	-1.05083353e+00
2.0000e-01	1.2000e+00	5.0000e-02	-1.53506027e+00
2.0000e-01	1.3000e+00	5.0000e-02	-6.67183037e-01
2.0000e-01	1.4000e+00	5.0000e-02	-6.12375274e-01
2.0000e-01	1.5000e+00	5.0000e-02	-1.40156516e-01
2.0000e-01	1.6000e+00	5.0000e-02	1.21640921e-01
2.0000e-01	1.7000e+00	5.0000e-02	-2.10395623e-01
2.0000e-01	1.8000e+00	5.0000e-02	-2.81372875e-01
2.0000e-01	1.9000e+00	5.0000e-02	-1.24971186e-03
3.0000e-01	-2.0000e+00	5.0000e-02	1.16564090e+00
3.0000e-01	-1.9000e+00	5.0000e-02	1.36732505e+00
3.0000e-01	-1.8000e+00	5.0000e-02	1.07548534e+00
3.0000e-01	-1.7000e+00	5.0000e-02	8.91812444e-01
3.0000e-01	-1.6000e+00	5.0000e-02	2.46729793e+00
3.0000e-01	-1.5000e+00	5.0000e-02	3.24269172e+00
3.0000e-01	-1.4000e+00	5.0000e-02	8.03481451e-01
3.0000e-01	-1.3000e+00	5.0000e-02	1.97671412e+00
3.0000e-01	-1.2000e+00	5.0000e-02	3.52747834e+00
3.0000e-01	-1.1000e+00	5.0000e-02	3.46045594e+00
3.0000e-01	-1.0000e+00	5.0000e-02	4.62061839e+00
3.0000e-01	-9.0000e-01	5.0000e-02	6.01548269e+00
3.0000e-01	-8.0000e-01	5.0000e-02	7.78996059e+00
3.0000e-01	-7.0000e-01	5.0000e-02	9.03086123e+00
3.0000e-01	-6.0000e-01	5.0000e-02	9.96624521e+00
3.0000e-01	-5.0000e-01	5.0000e-02	1.01066780e+01
3.0000e-01	-4.0000e-01	5.0000e-02	1.14651484e+01
3.0000e-01	-3.0000e-01	5.0000e-02	1.11871838e+01
3.0000e-01	-2.0000e-01	5.0000e-02	9.87471362e+00
3.0000e-01	-1.0000e-01	5.0000e-02	8.78679775e+00
3.0000e-01	-2.7756e-16	5.0000e-02	6.42938273e+00
3.0000e-01	1.0000e-01	5.0000e-02	3.69819278e+00
3.0000e-01	2.0000e-01	5.0000e-02	5.10841287e-01
3.0000e-01	3.0000e-01	5.0000e-02	-1.31829039e+00
3.0000e-01	4.0000e-01	5.0000e-02	-1.70550739e+00
3.0000e-01	5.0000e-01	5.0000e-02	-3.31524067e+00
3.0000e-01	6.0000e-01	5.0000e-02	-4.13929242e+00
3.0000e-01	7.0000e-01	5.0000e-02	-2.35909679e+00
3.0000e-01	8.0000e-01	5.0000e-02	-2.62989583e+00
3.0000e-01	9.0000e-01	5.0000e-02	-1.70084374e+00
3.0000e-01	1.0000e+00	5.0000e-02	-1.29790582e+00
3.0000e-01	1.1000e+00	5.0000e-02	-1.97631660e+00
3.0000e-01	1.2000e+00	5.0000e-02	-1.29184138e+00
3.0000e-01	1.3000e+00	5.0000e-02	-1.74122027e-01
3.0000e-01	1.4000e+00	5.0000e-02	-8.19057946e-01
3.0000e-01	1.5000e+00	5.0000e-02	1.23581606e-02
3.0000e-01	1.6000e+00	5.0000e-02	3.80781626e-01
3.0000e-01	1.7000e+00	5.0000e-02	-3.25116269e-01
3.0000e-01	1.8000e+00	5.0000e-02	-7.03610083e-01
3.0000e-01	1.9000e+00	5.0000e-02	-8.13104494e-01
4.0000e-01	-2.0000e+00	5.0000e-02	8.36607676e-01
4.0000e-01	-1.9000e+00	5.0000e-02	4.53954786e-01
4.0000e-01	-1.8000e+00	5.0000e-02	1.72161120e+00
4.0000e-01	-1.7000e+00	5.0000e-02	1.40191805e+00
4.0000e-01	-1.6000e+00	5.0000e-02	1.68237986e+00
4.0000e-01	-1.5000e+00	5.0000e-02	2.04274472e+00
4.0000e-01	-1.4000e+00	5.0000e-02	2.83489506e+00
4.0000e-01	-1.3000e+00	5.0000e-02	1.87187190e+00
4.0000e-01	-1.2000e+00	5.0000e-02	4.11332307e+00
4.0000e-01	-1.1000e+00	5.0000e-02	4.61328240e+00
4.0000e-01	-1.0000e+00	5.0000e-02	3.78731603e+00
4.0000e-01	-9.0000e-01	5.0000e-02	5.98466174e+00
4.0000e-01	-8.0000e-01	5.0000e-02	5.38876433e+00
4.0000e-01	-7.0000e-01	5.0000e-02	7.82705729e+00
4.0000e-01	-6.0000e-01	5.0000e-02	9.28093731e+00
4.0000e-01	-5.0000e-01	5.0000e-02	9.89253786e+00
4.0000e-01	-4.0000e-01	5.0000e-02	8.25857923e+00
4.0000e-01	-3.0000e-01	5.0000e-02	8.99803901e+00
4.0000e-01	-2.0000e-01	5.0000e-02	9.18502476e+00
4.0000e-01	-1.0000e-01	5.0000e-02	6.95806862e+00
4.0000e-01	-2.7756e-16	5.0000e-02	3.80913429e+00
4.0000e-01	1.0000e-01	5.0000e-02	3.03192735e+00
4.0000e-01	2.0000e-01	5.0000e-02	-4.77283125e-01
4.0000e-01	3.0000e-01	5.0000e-02	-1.81367367e-01
4.0000e-01	4.0000e-01	5.0000e-02	-3.32818704e+00
4.0000e-01	5.0000e-01	5.0000e-02	-3.19877591e+00
4.0000e-01	6.0000e-01	5.0000e-02	-2.35106963e+00
4.0000e-01	7.0000e-01	5.0000e-02	-3.07960124e+00
4.0000e-01	8.0000e-01	5.0000e-02	-2.56797228e+00
4.0000e-01	9.0000e-01	5.0000e-02	-3.09054086e+00
4.0000e-01	1.0000e+00	5.0000e-02	-1.90601379e+00
4.0000e-01	1.1000e+00	5.0000e-02	-1.25824974e+00
4.0000e-01	1.2000e+00	5.0000e-02	-1.33014824e+00
4.0000e-01	1.3000e+00	5.0000e-02	5.47973883e-01
4.0000e-01	1.4000e+00	5.0000e-02	-3.76248026e-01
4.0000e-01	1.5000e+00	5.0000e-02	-7.09911952e-01
4.0000e-01	1.6000e+00	5.0000e-02	-2.25022089e-01
4.0000e-01	1.7000e+00	5.0000e-02	-7.82023101e-01
4.0000e-01	1.8000e+00	5.0000e-02	-3.22657308e-01
4.0000e-01	1.9000e+00	5.0000e-02	1.68446733e+00
5.0000e-01	-2.0000e+00	5.0000e-02	1.15598494e+00
5.0000e-01	-1.9000e+00	5.0000e-02	4.61627043e-01
5.0000e-01	-1.8000e+00	5.0000e-02	1.20041369e+00
5.0000e-01	-1.7000e+00	5.0000e-02	1.61802126e+00
5.0000e-01	-1.6000e+00	5.0000e-02	6.40699068e-01
5.0000e-01	-1.5000e+00	5.0000e-02	1.87198104e+00
5.0000e-01	-1.4000e+00	5.0000e-02	1.93928111e+00
5.0000e-01	-1.3000e+00	5.0000e-02	1.88901000e+00
5.0000e-01	-1.2000e+00	5.0000e-02	4.31725101e+00
5.0000e-01	-1.1000e+00	5.0000e-02	4.09746758e+00
5.0000e-01	-1.0000e+00	5.0000e-02	4.94495809e+00
5.0000e-01	-9.0000e-01	5.0000e-02	4.24557194e+00
5.0000e-01	-8.0000e-01	5.0000e-02	5.04688654e+00
5.0000e-01	-7.0000e-01	5.0000e-02	6.86406536e+00
5.0000e-01	-6.0000e-01	5.0000e-02	6.37724436e+00
5.0000e-01	-5.0000e-01	5.0000e-02	8.15105727e+00
5.0000e-01	-4.0000e-01	5.0000e-02	8.57093255e+00
5.0000e-01	-3.0000e-01	5.0000e-02	7.54289113e+00
5.0000e-01	-2.0000e-01	5.0000e-02	6.77117875e+00
5.0000e-01	-1.0000e-01	5.0000e-02	5.83398334e+00
5.0000e-01	-2.7756e-16	5.0000e-02	2.71963067e+00
5.0000e-01	1.0000e-01	5.0000e-02	1.23983270e+00
5.0000e-01	2.0000e-01	5.0000e-02	1.67727298e-01
5.0000e-01	3.0000e-01	5.0000e-02	-1.94007193e+00
5.0000e-01	4.0000e-01	5.0000e-02	-1.78685278e+00
5.0000e-01	5.0000e-01	5.0000e-02	-3.00013231e+00
5.0000e-01	6.0000e-01	5.0000e-02	-1.92909751e+00
5.0000e-01	7.0000e-01	5.0000e-02	-3.50524750e+00
5.0000e-01	8.0000e-01	5.0000e-02	-2.19089649e+00
5.0000e-01	9.0000e-01	5.0000e-02	-2.25997039e+00
5.0000e-01	1.0000e+00	5.0000e-02	-1.32874386e+00
5.0000e-01	1.1000e+00	5.0000e-02	-7.08656926e-01
5.0000e-01	1.2000e+00	5.0000e-02	-4.07643699e-01
5.0000e-01	1.3000e+00	5.0000e-02	-1.17739545e+00
5.0000e-01	1.4000e+00	5.0000e-02	-1.31594337e+00
5.0000e-01	1.5000e+00	5.0000e-02	-3.05713992e-01
5.0000e-01	1.6000e+00	5.0000e-02	8.90925699e-01
5.0000e-01	1.7000e+00	5.0000e-02	2.79258466e-01
5.0000e-01	1.8000e+00	5.0000e-02	-4.35230405e-01
5.0000e-01	1.9000e+00	5.0000e-02	-4.18406878e-01
6.0000e-01	-2.0000e+00	5.0000e-02	-4.44009841e-01
6.0000e-01	-1.9000e+00	5.0000e-02	1.84281186e+00
6.0000e-01	-1.8000e+00	5.0000e-02	7.79810167e-01
6.0000e-01	-1.7000e+00	5.0000e-02	1.56620187e+00
6.0000e-01	-1.6000e+00	5.0000e-02	1.98991353e+00
6.0000e-01	-1.5000e+00	5.0000e-02	1.52494484e+00
6.0000e-01	-1.4000e+00	5.0000e-02	1.16445582e+00
6.0000e-01	-1.3000e+00	5.0000e-02	2.80504486e+00
6.0000e-01	-1.2000e+00	5.0000e-02	2.39854280e+00
6.0000e-01	-1.1000e+00	5.0000e-02	3.55233231e+00
6.0000e-01	-1.0000e+00	5.0000e-02	5.15177151e+00
6.0000e-01	-9.0000e-01	5.0000e-02	5.02367169e+00
6.0000e-01	-8.0000e-01	5.0000e-02	5.88787312e+00
6.0000e-01	-7.0000e-01	5.0000e-02	7.49845248e+00
6.0000e-01	-6.0000e-01	5.0000e-02	5.77847178e+00
6.0000e-01	-5.0000e-01	5.0000e-02	6.27958044e+00
6.0000e-01	-4.0000e-01	5.0000e-02	6.28365737e+00
6.0000e-01	-3.0000e-01	5.0000e-02	6.19463111e+00
6.0000e-01	-2.0000e-01	5.0000e-02	4.38818469e+00
6.0000e-01	-1.0000e-01	5.0000e-02	4.76542682e+00
6.0000e-01	-2.7756e-16	5.0000e-02	2.47996540e+00
6.0000e-01	1.0000e-01	5.0000e-02	8.22891092e-01
6.0000e-01	2.0000e-01	5.0000e-02	-9.86939117e-01
6.0000e-01	3.0000e-01	5.0000e-02	-1.18496293e+00
6.0000e-01	4.0000e-01	5.0000e-02	-3.80395961e+00
6.0000e-01	5.0000e-01	5.0000e-02	-2.55535073e+00
6.0000e-01	6.0000e-01	5.0000e-02	-2.11205957e+00
6.0000e-01	7.0000e-01	5.0000e-02	-1.68295410e+00
6.0000e-01	8.0000e-01	5.0000e-02	-1.77964388e+00
6.0000e-01	9.0000e-01	5.0000e-02	-2.23204451e+00
6.0000e-01	1.0000e+00	5.0000e-02	-1.85519842e+00
6.0000e-01	1.1000e+00	5.0000e-02	-2.58129335e+00
6.0000e-01	1.2000e+00	5.0000e-02	-1.09809877e+00
6.0000e-01	1.3000e+00	5.0000e-02	-1.26912663e+00
6.0000e-01	1.4000e+00	5.0000e-02	-1.00295511e+00
6.0000e-01	1.5000e+00	5.0000e-02	5.51646779e-01
6.0000e-01	1.6000e+00	5.0000e-02	-6.86336220e-01
6.0000e-01	1.7000e+00	5.0000e-02	-5.79070948e-01
6.0000e-01	1.8000e+00	5.0000e-02	9.40336843e-01
6.0000e-01	1.9000e+00	5.0000e-02	3.74320651e-02
7.0000e-01	-2.0000e+00	5.0000e-02	-1.23428490e-01
7.0000e-01	-1.9000e+00	5.0000e-02	1.41974163e+00
7.0000e-01	-1.8000e+00	5.0000e-02	5.60101122e-01
7.0000e-01	-1.7000e+00	5.0000e-02	-3.96518315e-02
7.0000e-01	-1.6000e+00	5.0000e-02	3.22675355e-01
7.0000e-01	-1.5000e+00	5.0000e-02	1.36973373e+00
7.0000e-01	-1.4000e+00	5.0000e-02	2.00725244e+00
7.0000e-01	-1.3000e+00	5.0000e-02	3.26215773e+00
7.0000e-01	-1.2000e+00	5.0000e-02	2.69903496e+00
7.0000e-01	-1.1000e+00	5.0000e-02	3.84728788e+00
7.0000e-01	-1.0000e+00	5.0000e-02	2.62966040e+00
7.0000e-01	-9.0000e-01	5.0000e-02	3.84484967e+00
7.0000e-01	-8.0000e-01	5.0000e-02	4.66975555e+00
7.0000e-01	-7.0000e-01	5.0000e-02	4.91172367e+00
7.0000e-01	-6.0000e-01	5.0000e-02	4.00531212e+00
7.0000e-01	-5.0000e-01	5.0000e-02	4.17407606e+00
7.0000e-01	-4.0000e-01	5.0000e-02	3.83223854e+00
7.0000e-01	-3.0000e-01	5.0000e-02	4.15754192e+00
7.0000e-01	-2.0000e-01	5.0000e-02	4.21717619e+00
7.0000e-01	-1.0000e-01	5.0000e-02	2.25620000e+00
7.0000e-01	-2.7756e-16	5.0000e-02	1.81949818e+00
7.0000e-01	1.0000e-01	5.0000e-02	9.52660801e-01
7.0000e-01	2.0000e-01	5.0000e-02	-1.74772557e-01
7.0000e-01	3.0000e-01	5.0000e-02	-2.12121606e+00
7.0000e-01	4.0000e-01	5.0000e-02	-1.96639793e+00
7.0000e-01	5.0000e-01	5.0000e-02	-2.60788386e+00
7.0000e-01	6.0000e-01	5.0000e-02	-1.68242378e+00
7.0000e-01	7.0000e-01	5.0000e-02	-2.62533714e+00
7.0000e-01	8.0000e-01	5.0000e-02	-2.23771361e+00
7.0000e-01	9.0000e-01	5.0000e-02	-6.41265258e-01
7.0000e-01	1.0000e+00	5.0000e-02	-1.86896719e+00
7.0000e-01	1.1000e+00	5.0000e-02	-1.49099253e+00
7.0000e-01	1.2000e+00	5.0000e-02	9.72138334e-01
7.0000e-01	1.3000e+00	5.0000e-02	-9.60633303e-01
7.0000e-01	1.4000e+00	5.0000e-02	-4.60058435e-01
7.0000e-01	1.5000e+00	5.0000e-02	-9.14486276e-01
7.0000e-01	1.6000e+00	5.0000e-02	-1.05079763e+00
7.0000e-01	1.7000e+00	5.0000e-02	3.59293578e-01
7.0000e-01	1.8000e+00	5.0000e-02	-7.31522294e-01
7.0000e-01	1.9000e+00	5.0000e-02	-1.05843342e+00
8.0000e-01	-2.0000e+00	5.0000e-02	8.07111272e-02
8.0000e-01	-1.9000e+00	5.0000e-02	-1.68405891e-01
8.0000e-01	-1.8000e+00	5.0000e-02	-8.10816721e-01
8.0000e-01	-1.7000e+00	5.0000e-02	1.56507567e+00
8.0000e-01	-1.6000e+00	5.0000e-02	8.28926129e-01
8.0000e-01	-1.5000e+00	5.0000e-02	2.01596113e+00
8.0000e-01	-1.4000e+00	5.0000e-02	1.81630149e+00
8.0000e-01	-1.3000e+00	5.0000e-02	1.54252504e+00
8.0000e-01	-1.2000e+00	5.0000e-02	2.70769164e+00
8.0000e-01	-1.1000e+00	5.0000e-02	3.20870080e+00
8.0000e-01	-1.0000e+00	5.0000e-02	2.75850221e+00
8.0000e-01	-9.0000e-01	5.0000e-02	3.08117961e+00
8.0000e-01	-8.0000e-01	5.0000e-02	3.92290301e+00
8.0000e-01	-7.0000e-01	5.0000e-02	4.88842227e+00
8.0000e-01	-6.0000e-01	5.0000e-02	3.98305302e+00
8.0000e-01	-5.0000e-01	5.0000e-02	3.37102229e+00
8.0000e-01	-4.0000e-01	5.0000e-02	2.51809543e+00
8.0000e-01	-3.0000e-01	5.0000e-02	2.48045330e+00
8.0000e-01	-2.0000e-01	5.0000e-02	2.11543397e+00
8.0000e-01	-1.0000e-01	5.0000e-02	2.23340549e+00
8.0000e-01	-2.7756e-16	5.0000e-02	1.42146527e+00
8.0000e-01	1.0000e-01	5.0000e-02	8.50748471e-01
8.0000e-01	2.0000e-01	5.0000e-02	-1.06686776e+00
8.0000e-01	3.0000e-01	5.0000e-02	-2.07786114e+00
8.0000e-01	4.0000e-01	5.0000e-02	-1.57338374e+00
8.0000e-01	5.0000e-01	5.0000e-02	-1.65619367e+00
8.0000e-01	6.0000e-01	5.0000e-02	-1.90494611e+00
8.0000e-01	7.0000e-01	5.0000e-02	-1.98527547e+00
8.0000e-01	8.0000e-01	5.0000e-02	-2.49449087e+00
8.0000e-01	9.0000e-01	5.0000e-02	-4.24207792e-01
8.0000e-01	1.0000e+00	5.0000e-02	-1.81024191e+00
8.0000e-01	1.1000e+00	5.0000e-02	-1.19899104e+00
8.0000e-01	1.2000e+00	5.0000e-02	-4.71243048e-01
8.0000e-01	1.3000e+00	5.0000e-02	-2.17687051e+00
8.0000e-01	1.4000e+00	5.0000e-02	-9.11412020e-01
8.0000e-01	1.5000e+00	5.0000e-02	-8.04490009e-01
8.0000e-01	1.6000e+00	5.0000e-02	-7.76345002e-01
8.0000e-01	1.7000e+00	5.0000e-02	-5.13056469e-01
8.0000e-01	1.8000e+00	5.0000e-02	6.17759002e-02
8.0000e-01	1.9000e+00	5.0000e-02	-3.21673270e-01
9.0000e-01	-2.0000e+00	5.0000e-02	-4.79385409e-01
9.0000e-01	-1.9000e+00	5.0000e-02	2.17587810e+00
9.0000e-01	-1.8000e+00	5.0000e-02	8.43145677e-01
9.0000e-01	-1.7000e+00	5.0000e-02	7.52529476e-01
9.0000e-01	-1.6000e+00	5.0000e-02	6.63792816e-01
9.0000e-01	-1.5000e+00	5.0000e-02	3.18801943e-01
9.0000e-01	-1.4000e+00	5.0000e-02	2.03100172e+00
9.0000e-01	-1.3000e+00	5.0000e-02	1.87604253e+00
9.0000e-01	-1.2000e+00	5.0000e-02	1.50851027e+00
9.0000e-01	-1.1000e+00	5.0000e-02	3.82990794e+00
9.0000e-01	-1.0000e+00	5.0000e-02	1.87508977e+00
9.0000e-01	-9.0000e-01	5.0000e-02	2.34698103e+00
9.0000e-01	-8.0000e-01	5.0000e-02	1.94241010e+00
9.0000e-01	-7.0000e-01	5.0000e-02	1.62962470e+00
9.0000e-01	-6.0000e-01	5.0000e-02	2.91745762e+00
9.0000e-01	-5.0000e-01	5.0000e-02	2.95048923e+00
9.0000e-01	-4.0000e-01	5.0000e-02	2.56444926e+00
9.0000e-01	-3.0000e-01	5.0000e-02	2.18865225e+00
9.0000e-01	-2.0000e-01	5.0000e-02	1.42871239e+00
9.0000e-01	-1.0000e-01	5.0000e-02	7.31354177e-01
9.0000e-01	-2.7756e-16	5.0000e-02	9.08174242e-01
9.0000e-01	1.0000e-01	5.0000e-02	7.01568773e-01
9.0000e-01	2.0000e-01	5.0000e-02	-8.05941726e-01
9.0000e-01	3.0000e-01	5.0000e-02	-1.59457615e+00
9.0000e-01	4.0000e-01	5.0000e-02	-1.97844549e+00
9.0000e-01	5.0000e-01	5.0000e-02	-2.75754507e+00
9.0000e-01	6.0000e-01	5.0000e-02	-1.44986659e+00
9.0000e-01	7.0000e-01	5.0000e-02	-1.09913816e+00
9.0000e-01	8.0000e-01	5.0000e-02	-1.09163769e+00
9.0000e-01	9.0000e-01	5.0000e-02	-2.28994155e+00
9.0000e-01	1.0000e+00	5.0000e-02	-1.34690576e+00
9.0000e-01	1.1000e+00	5.0000e-02	-1.31302940e+00
9.0000e-01	1.2000e+00	5.0000e-02	-5.93724409e-01
9.0000e-01	1.3000e+00	5.0000e-02	-1.13259717e+00
9.0000e-01	1.4000e+00	5.0000e-02	-5.38774987e-01
9.0000e-01	1.5000e+00	5.0000e-02	1.98002592e-01
9.0000e-01	1.6000e+00	5.0000e-02	-1.22239274e+00
9.0000e-01	1.7000e+00	5.0000e-02	-2.89543841e-01
9.0000e-01	1.8000e+00	5.0000e-02	-5.07842456e-01
9.0000e-01	1.9000e+00	5.0000e-02	9.12302069e-01
1.0000e+00	-2.0000e+00	5.0000e-02	2.22112700e-01
1.0000e+00	-1.9000e+00	5.0000e-02	4.76240024e-01
1.0000e+00	-1.8000e+00	5.0000e-02	5.19498957e-01
1.0000e+00	-1.7000e+00	5.0000e-02	7.96062036e-01
1.0000e+00	-1.6000e+00	5.0000e-02	1.79853747e+00
1.0000e+00	-1.5000e+00	5.0000e-02	1.53566553e+00
1.0000e+00	-1.4000e+00	5.0000e-02	1.24955626e+00
1.0000e+00	-1.3000e+00	5.0000e-02	1.02168892e+00
1.0000e+00	-1.2000e+00	5.0000e-02	2.07314320e+00
1.0000e+00	-1.1000e+00	5.0000e-02	1.71060452e+00
1.0000e+00	-1.0000e+00	5.0000e-02	3.21275715e+00
1.0000e+00	-9.0000e-01	5.0000e-02	2.71477761e+00
1.0000e+00	-8.0000e-01	5.0000e-02	2.31474351e+00
1.0000e+00	-7.0000e-01	5.0000e-02	2.22952952e+00
1.0000e+00	-6.0000e-01	5.0000e-02	1.54780769e+00
1.0000e+00	-5.0000e-01	5.0000e-02	1.70770392e+00
1.0000e+00	-4.0000e-01	5.0000e-02	2.27235007e+00
1.0000e+00	-3.0000e-01	5.0000e-02	1.25376405e+00
1.0000e+00	-2.0000e-01	5.0000e-02	1.58877997e-01
1.0000e+00	-1.0000e-01	5.0000e-02	1.65368044e-02
1.0000e+00	-2.7756e-16	5.0000e-02	-4.56255763e-02
1.0000e+00	1.0000e-01	5.0000e-02	-1.32860462e-01
1.0000e+00	2.0000e-01	5.0000e-02	-7.43681351e-01
1.0000e+00	3.0000e-01	5.0000e-02	-1.47653062e+00
1.0000e+00	4.0000e-01	5.0000e-02	-2.18813607e+00
1.0000e+00	5.0000e-01	5.0000e-02	-1.03534025e+00
1.0000e+00	6.0000e-01	5.0000e-02	-7.85367367e-01
1.0000e+00	7.0000e-01	5.0000e-02	-5.08052648e-01
1.0000e+00	8.0000e-01	5.0000e-02	-1.22251424e+00
1.0000e+00	9.0000e-01	5.0000e-02	-2.41373816e+00
1.0000e+00	1.0000e+00	5.0000e-02	-1.21993528e+00
1.0000e+00	1.1000e+00	5.0000e-02	-5.45282410e-01
1.0000e+00	1.2000e+00	5.0000e-02	-8.48985178e-01
1.0000e+00	1.3000e+00	5.0000e-02	-1.49809169e+00
1.0000e+00	1.4000e+00	5.0000e-02	1.59608122e-01
1.0000e+00	1.5000e+00	5.0000e-02	-5.75228148e-03
1.0000e+00	1.6000e+00	5.0000e-02	8.53414735e-01
1.0000e+00	1.7000e+00	5.0000e-02	1.40655857e-01
1.0000e+00	1.8000e+00	5.0000e-02	-2.84035668e-01
1.0000e+00	1.9000e+00	5.0000e-02	-1.12371372e+00
1.1000e+00	-2.0000e+00	5.0000e-02	8.76037991e-01
1.1000e+00	-1.9000e+00	5.0000e-02	5.92182537e-01
1.1000e+00	-1.8000e+00	5.0000e-02	2.87281536e-01
1.1000e+00	-1.7000e+00	5.0000e-02	9.64728330e-01
1.1000e+00	-1.6000e+00	5.0000e-02	4.52862889e-01
1.1000e+00	-1.5000e+00	5.0000e-02	1.38409455e+00
1.1000e+00	-1.4000e+00	5.0000e-02	1.34795319e+00
1.1000e+00	-1.3000e+00	5.0000e-02	9.80171171e-01
1.1000e+00	-1.2000e+00	5.0000e-02	1.06286854e+00
1.1000e+00	-1.1000e+00	5.0000e-02	2.34020254e+00
1.1000e+00	-1.0000e+00	5.0000e-02	5.33815356e-02
1.1000e+00	-9.0000e-01	5.0000e-02	1.84563461e+00
1.1000e+00	-8.0000e-01	5.0000e-02	9.01307085e-01
1.1000e+00	-7.0000e-01	5.0000e-02	1.28092420e+00
1.1000e+00	-6.0000e-01	5.0000e-02	1.78997143e+00
1.1000e+00	-5.0000e-01	5.0000e-02	2.06277762e+00
1.1000e+00	-4.0000e-01	5.0000e-02	3.47602837e-01
1.1000e+00	-3.0000e-01	5.0000e-02	1.26172435e+00
1.1000e+00	-2.0000e-01	5.0000e-02	7.16717517e-01
1.1000e+00	-1.0000e-01	5.0000e-02	2.44601814e-01
1.1000e+00	-2.7756e-16	5.0000e-02	4.05421399e-01
1.1000e+00	1.0000e-01	5.0000e-02	2.88236490e-01
1.1000e+00	2.0000e-01	5.0000e-02	1.47378589e-01
1.1000e+00	3.0000e-01	5.0000e-02	-1.17599373e+00
1.1000e+00	4.0000e-01	5.0000e-02	-2.11098634e+00
1.1000e+00	5.0000e-01	5.0000e-02	-3.80889673e-01
1.1000e+00	6.0000e-01	5.0000e-02	-1.23058549e+00
1.1000e+00	7.0000e-01	5.0000e-02	-2.67375548e+00
1.1000e+00	8.0000e-01	5.0000e-02	-1.32121133e+00
1.1000e+00	9.0000e-01	5.0000e-02	-1.65924226e+00
1.1000e+00	1.0000e+00	5.0000e-02	-4.36542033e-01
1.1000e+00	1.1000e+00	5.0000e-02	-1.72426558e+00
1.1000e+00	1.2000e+00	5.0000e-02	-9.57946098e-01
1.1000e+00	1.3000e+00	5.0000e-02	-1.29285600e+00
1.1000e+00	1.4000e+00	5.0000e-02	-1.23406819e+00
1.1000e+00	1.5000e+00	5.0000e-02	-2.11545169e-01
1.1000e+00	1.6000e+00	5.0000e-02	-1.61065800e+00
1.1000e+00	1.7000e+00	5.0000e-02	-4.65583134e-01
1.1000e+00	1.8000e+00	5.0000e-02	-8.20077902e-01
1.1000e+00	1.9000e+00	5.0000e-02	1.87702971e-02
1.2000e+00	-2.0000e+00	5.0000e-02	7.89105323e-01
1.2000e+00	-1.9000e+00	5.0000e-02	9.82943646e-01
1.2000e+00	-1.8000e+00	5.0000e-02	4.04986299e-01
1.2000e+00	-1.7000e+00	5.0000e-02	2.59452900e-01
1.2000e+00	-1.6000e+00	5.0000e-02	5.20912135e-01
1.2000e+00	-1.5000e+00	5.0000e-02	8.10801790e-01
1.2000e+00	-1.4000e+00	5.0000e-02	6.83541358e-01
1.2000e+00	-1.3000e+00	5.0000e-02	4.18882443e-01
1.2000e+00	-1.2000e+00	5.0000e-02	7.65210621e-01
1.2000e+00	-1.1000e+00	5.0000e-02	1.94225103e+00
1.2000e+00	-1.0000e+00	5.0000e-02	2.63465732e+00
1.2000e+00	-9.0000e-01	5.0000e-02	2.10023871e+00
1.2000e+00	-8.0000e-01	5.0000e-02	1.90650248e+00
1.2000e+00	-7.0000e-01	5.0000e-02	7.26557453e-01
1.2000e+00	-6.0000e-01	5.0000e-02	6.96080353e-01
1.2000e+00	-5.0000e-01	5.0000e-02	7.93241752e-01
1.2000e+00	-4.0000e-01	5.0000e-02	6.59016052e-01
1.2000e+00	-3.0000e-01	5.0000e-02	5.43715694e-01
1.2000e+00	-2.0000e-01	5.0000e-02	5.96097810e-01
1.2000e+00	-1.0000e-01	5.0000e-02	-4.82744923e-01
1.2000e+00	-2.7756e-16	5.0000e-02	3.50173787e-01
1.2000e+00	1.0000e-01	5.0000e-02	-4.05922717e-01
1.2000e+00	2.0000e-01	5.0000e-02	-1.11602713e+00
1.2000e+00	3.0000e-01	5.0000e-02	-1.15774408e+00
1.2000e+00	4.0000e-01	5.0000e-02	-1.64597649e+00
1.2000e+00	5.0000e-01	5.0000e-02	-1.18213403e+00
1.2000e+00	6.0000e-01	5.0000e-02	-1.35694024e+00
1.2000e+00	7.0000e-01	5.0000e-02	-1.49431520e+00
1.2000e+00	8.0000e-01	5.0000e-02	-3.93911847e-01
1.2000e+00	9.0000e-01	5.0000e-02	-8.21967393e-01
1.2000e+00	1.0000e+00	5.0000e-02	5.40444049e-01
1.2000e+00	1.1000e+00	5.0000e-02	-5.64931329e-01
1.2000e+00	1.2000e+00	5.0000e-02	-1.15465761e+00
1.2000e+00	1.3000e+00	5.0000e-02	-1.72396169e+00
1.2000e+00	1.4000e+00	5.0000e-02	-1.18231796e+00
1.2000e+00	1.5000e+00	5.0000e-02	-7.10519035e-01
1.2000e+00	1.6000e+00	5.0000e-02	-9.21289558e-01
1.2000e+00	1.7000e+00	5.0000e-02	5.21669483e-01
1.2000e+00	1.8000e+00	5.0000e-02	-1.02016927e+00
1.2000e+00	1.9000e+00	5.0000e-02	4.01472088e-01
1.3000e+00	-2.0000e+00	5.0000e-02	6.38458471e-01
1.3000e+00	-1.9000e+00	5.0000e-02	3.17929069e-01
1.3000e+00	-1.8000e+00	5.0000e-02	5.26107339e-01
1.3000e+00	-1.7000e+00	5.0000e-02	-1.37045220e-01
1.3000e+00	-1.6000e+00	5.0000e-02	1.71844485e+00
1.3000e+00	-1.5000e+00	5.0000e-02	6.14939919e-01
1.3000e+00	-1.4000e+00	5.0000e-02	-3.95738115e-01
1.3000e+00	-1.3000e+00	5.0000e-02	6.71651535e-01
1.3000e+00	-1.2000e+00	5.0000e-02	1.00474217e+00
1.3000e+00	-1.1000e+00	5.0000e-02	2.19678181e+00
1.3000e+00	-1.0000e+00	5.0000e-02	9.84494798e-01
1.3000e+00	-9.0000e-01	5.0000e-02	9.40157428e-01
1.3000e+00	-8.0000e-01	5.0000e-02	9.81784918e-01
1.3000e+00	-7.0000e-01	5.0000e-02	5.10795332e-01
1.3000e+00	-6.0000e-01	5.0000e-02	1.53294688e+00
1.3000e+00	-5.0000e-01	5.0000e-02	8.89567224e-01
1.3000e+00	-4.0000e-01	5.0000e-02	6.46634525e-01
1.3000e+00	-3.0000e-01	5.0000e-02	1.94051671e-01
1.3000e+00	-2.0000e-01	5.0000e-02	-1.30834178e-01
1.3000e+00	-1.0000e-01	5.0000e-02	-1.67211578e-01
1.3000e+00	-2.7756e-16	5.0000e-02	3.47721570e-01
1.3000e+00	1.0000e-01	5.0000e-02	-1.74380416e+00
1.3000e+00	2.0000e-01	5.0000e-02	-2.89015546e-02
1.3000e+00	3.0000e-01	5.0000e-02	-1.95042100e+00
1.3000e+00	4.0000e-01	5.0000e-02	-6.18894180e-01
1.3000e+00	5.0000e-01	5.0000e-02	-1.97381457e+00
1.3000e+00	6.0000e-01	5.0000e-02	-4.93696890e-01
1.3000e+00	7.0000e-01	5.0000e-02	-1.88073718e+00
1.3000e+00	8.0000e-01	5.0000e-02	-5.15670386e-01
1.3000e+00	9.0000e-01	5.0000e-02	-1.91429547e+00
1.3000e+00	1.0000e+00	5.0000e-02	-3.46410798e-01
1.3000e+00	1.1000e+00	5.0000e-02	-6.99741166e-01
1.3000e+00	1.2000e+00	5.0000e-02	-1.16241068e+00
1.3000e+00	1.3000e+00	5.0000e-02	-2.77670677e-01
1.3000e+00	1.4000e+00	5.0000e-02	-3.84313283e-01
1.3000e+00	1.5000e+00	5.0000e-02	6.56207712e-01
1.3000e+00	1.6000e+00	5.0000e-02	-5.46530449e-01
1.3000e+00	1.7000e+00	5.0000e-02	-1.22840744e-01
1.3000e+00	1.8000e+00	5.0000e-02	-1.17430997e+00
1.3000e+00	1.9000e+00	5.0000e-02	1.41693861e-01
1.4000e+00	-2.0000e+00	5.0000e-02	3.51047674e-01
1.4000e+00	-1.9000e+00	5.0000e-02	4.40351752e-01
1.4000e+00	-1.8000e+00	5.0000e-02	-8.90607618e-01
1.4000e+00	-1.7000e+00	5.0000e-02	6.80475804e-01
1.4000e+00	-1.6000e+00	5.0000e-02	9.23001707e-01
1.4000e+00	-1.5000e+00	5.0000e-02	3.90852556e-01
1.4000e+00	-1.4000e+00	5.0000e-02	-3.57625634e-02
1.4000e+00	-1.3000e+00	5.0000e-02	1.04443826e+00
1.4000e+00	-1.2000e+00	5.0000e-02	6.35026296e-03
1.4000e+00	-1.1000e+00	5.0000e-02	8.85611110e-01
1.4000e+00	-1.0000e+00	5.0000e-02	6.30394530e-01
1.4000e+00	-9.0000e-01	5.0000e-02	9.72215049e-01
1.4000e+00	-8.0000e-01	5.0000e-02	1.54503465e+00
1.4000e+00	-7.0000e-01	5.0000e-02	1.10007419e+00
1.4000e+00	-6.0000e-01	5.0000e-02	9.35720438e-01
1.4000e+00	-5.0000e-01	5.0000e-02	9.78767482e-02
1.4000e+00	-4.0000e-01	5.0000e-02	1.10572891e-01
1.4000e+00	-3.0000e-01	5.0000e-02	2.06040470e-01
1.4000e+00	-2.0000e-01	5.0000e-02	-5.48899528e-01
1.4000e+00	-1.0000e-01	5.0000e-02	6.15574719e-01
1.4000e+00	-2.7756e-16	5.0000e-02	2.80372563e-01
1.4000e+00	1.0000e-01	5.0000e-02	-1.52383373e-01
1.4000e+00	2.0000e-01	5.0000e-02	-2.12201530e+00
1.4000e+00	3.0000e-01	5.0000e-02	3.00155919e-01
1.4000e+00	4.0000e-01	5.0000e-02	-1.62141245e+00
1.4000e+00	5.0000e-01	5.0000e-02	-1.00447327e+00
1.4000e+00	6.0000e-01	5.0000e-02	-4.36387658e-01
1.4000e+00	7.0000e-01	5.0000e-02	-2.12572783e+00
1.4000e+00	8.0000e-01	5.0000e-02	-1.77701306e-01
1.4000e+00	9.0000e-01	5.0000e-02	3.84148080e-01
1.4000e+00	1.0000e+00	5.0000e-02	1.72259853e-02
1.4000e+00	1.1000e+00	5.0000e-02	-3.85978049e-01
1.4000e+00	1.2000e+00	5.0000e-02	-1.32727535e+00
1.4000e+00	1.3000e+00	5.0000e-02	-2.19748500e-01
1.4000e+00	1.4000e+00	5.0000e-02	-1.85132247e+00
1.4000e+00	1.5000e+00	5.0000e-02	-8.75032450e-01
1.4000e+00	1.6000e+00	5.0000e-02	7.79577089e-01
1.4000e+00	1.7000e+00	5.0000e-02	1.90505050e-01
1.4000e+00	1.8000e+00	5.0000e-02	1.41116374e-02
1.4000e+00	1.9000e+00	5.0000e-02	-7.90640067e-01
1.5000e+00	-2.0000e+00	5.0000e-02	5.06359723e-01
1.5000e+00	-1.9000e+00	5.0000e-02	8.99160613e-01
1.5000e+00	-1.8000e+00	5.0000e-02	6.16624106e-01
1.5000e+00	-1.7000e+00	5.0000e-02	4.80085724e-01
1.5000e+00	-1.6000e+00	5.0000e-02	3.29445172e-01
1.5000e+00	-1.5000e+00	5.0000e-02	2.83792359e-01
1.5000e+00	-1.4000e+00	5.0000e-02	1.25702405e+00
1.5000e+00	-1.3000e+00	5.0000e-02	6.60737405e-01
1.5000e+00	-1.2000e+00	5.0000e-02	1.22659583e+00
1.5000e+00	-1.1000e+00	5.0000e-02	6.66045777e-01
1.5000e+00	-1.0000e+00	5.0000e-02	8.29337183e-01
1.5000e+00	-9.0000e-01	5.0000e-02	6.53718918e-01
1.5000e+00	-8.0000e-01	5.0000e-02	1.53690092e-01
1.5000e+00	-7.0000e-01	5.0000e-02	1.27123329e+00
1.5000e+00	-6.0000e-01	5.0000e-02	1.00913857e+00
1.5000e+00	-5.0000e-01	5.0000e-02	9.15911429e-02
1.5000e+00	-4.0000e-01	5.0000e-02	-6.44189369e-01
1.5000e+00	-3.0000e-01	5.0000e-02	-7.83129045e-01
1.5000e+00	-2.0000e-01	5.0000e-02	-3.99501565e-02
1.5000e+00	-1.0000e-01	5.0000e-02	-1.35315415e-01
1.5000e+00	-2.7756e-16	5.0000e-02	5.76664764e-01
1.5000e+00	1.0000e-01	5.0000e-02	-1.54049381e-01
1.5000e+00	2.0000e-01	5.0000e-02	-4.11052102e-01
1.5000e+00	3.0000e-01	5.0000e-02	8.98124371e-02
1.5000e+00	4.0000e-01	5.0000e-02	-7.43140554e-01
1.5000e+00	5.0000e-01	5.0000e-02	-5.08932958e-01
1.5000e+00	6.0000e-01	5.0000e-02	4.52191254e-01
1.5000e+00	7.0000e-01	5.0000e-02	-9.32991655e-01
1.5000e+00	8.0000e-01	5.0000e-02	-2.29724463e-01
1.5000e+00	9.0000e-01	5.0000e-02	-8.54456202e-01
1.5000e+00	1.0000e+00	5.0000e-02	7.84325775e-01
1.5000e+00	1.1000e+00	5.0000e-02	-1.08829767e+00
1.5000e+00	1.2000e+00	5.0000e-02	-1.02187913e+00
1.5000e+00	1.3000e+00	5.0000e-02	-1.02678388e+00
1.5000e+00	1.4000e+00	5.0000e-02	-5.64000897e-01
1.5000e+00	1.5000e+00	5.0000e-02	4.62991540e-01
1.5000e+00	1.6000e+00	5.0000e-02	-2.61064002e-01
1.5000e+00	1.7000e+00	5.0000e-02	2.79350585e-01
1.5000e+00	1.8000e+00	5.0000e-02	-3.45986574e-01
1.5000e+00	1.9000e+00	5.0000e-02	-4.55915663e-02
1.6000e+00	-2.0000e+00	5.0000e-02	3.92702829e-01
1.6000e+00	-1.9000e+00	5.0000e-02	6.02963459e-01
1.6000e+00	-1.8000e+00	5.0000e-02	-3.89392380e-01
1.6000e+00	-1.7000e+00	5.0000e-02	2.29781057e-01
1.6000e+00	-1.6000e+00	5.0000e-02	-7.97633992e-01
1.6000e+00	-1.5000e+00	5.0000e-02	2.34981940e-01
1.6000e+00	-1.4000e+00	5.0000e-02	2.46806067e-01
1.6000e+00	-1.3000e+00	5.0000e-02	3.88643386e-01
1.6000e+00	-1.2000e+00	5.0000e-02	1.23745894e+00
1.6000e+00	-1.1000e+00	5.0000e-02	3.68190079e-01
1.6000e+00	-1.0000e+00	5.0000e-02	1.72039218e+00
1.6000e+00	-9.0000e-01	5.0000e-02	1.62698352e+00
1.6000e+00	-8.0000e-01	5.0000e-02	7.17755271e-01
1.6000e+00	-7.0000e-01	5.0000e-02	4.44509250e-01
1.6000e+00	-6.0000e-01	5.0000e-02	-2.90568699e-01
1.6000e+00	-5.0000e-01	5.0000e-02	-5.75261905e-01
1.6000e+00	-4.0000e-01	5.0000e-02	1.17119634e+00
1.6000e+00	-3.0000e-01	5.0000e-02	-6.17638233e-01
1.6000e+00	-2.0000e-01	5.0000e-02	9.02325530e-01
1.6000e+00	-1.0000e-01	5.0000e-02	1.26881239e-01
1.6000e+00	-2.7756e-16	5.0000e-02	3.77865778e-01
1.6000e+00	1.0000e-01	5.0000e-02	-1.00225130e+00
1.6000e+00	2.0000e-01	5.0000e-02	1.53972975e-01
1.6000e+00	3.0000e-01	5.0000e-02	-4.76206159e-01
1.6000e+00	4.0000e-01	5.0000e-02	2.31443835e-01
1.6000e+00	5.0000e-01	5.0000e-02	2.47153207e-01
1.6000e+00	6.0000e-01	5.0000e-02	-1.14714357e+00
1.6000e+00	7.0000e-01	5.0000e-02	2.47727899e-01
1.6000e+00	8.0000e-01	5.0000e-02	-1.13211504e+00
1.6000e+00	9.0000e-01	5.0000e-02	-1.06022365e+00
1.6000e+00	1.0000e+00	5.0000e-02	-1.64243419e+00
1.6000e+00	1.1000e+00	5.0000e-02	-5.38988962e-01
1.6000e+00	1.2000e+00	5.0000e-02	-8.99118931e-01
1.6000e+00	1.3000e+00	5.0000e-02	-1.05425293e-01
1.6000e+00	1.4000e+00	5.0000e-02	-1.35809244e+00
1.6000e+00	1.5000e+00	5.0000e-02	-4.81742626e-01
1.6000e+00	1.6000e+00	5.0000e-02	-4.35865232e-01
1.6000e+00	1.7000e+00	5.0000e-02	-6.45880797e-01
1.6000e+00	1.8000e+00	5.0000e-02	-1.27478115e+00
1.6000e+00	1.9000e+00	5.0000e-02	-6.22541464e-02
1.7000e+00	-2.0000e+00	5.0000e-02	7.25565920e-01
1.7000e+00	-1.9000e+00	5.0000e-02	7.61241467e-01
1.7000e+00	-1.8000e+00	5.0000e-02	2.60809255e-01
1.7000e+00	-1.7000e+00	5.0000e-02	5.06540704e-01
1.7000e+00	-1.6000e+00	5.0000e-02	5.58338590e-01
1.7000e+00	-1.5000e+00	5.0000e-02	4.08208362e-01
1.7000e+00	-1.4000e+00	5.0000e-02	-4.25230584e-01
1.7000e+00	-1.3000e+00	5.0000e-02	4.24630490e-01
1.7000e+00	-1.2000e+00	5.0000e-02	4.53377275e-01
1.7000e+00	-1.1000e+00	5.0000e-02	1.36913291e-01
1.7000e+00	-1.0000e+00	5.0000e-02	4.83626849e-01
1.7000e+00	-9.0000e-01	5.0000e-02	-3.55029399e-01
1.7000e+00	-8.0000e-01	5.0000e-02	9.71935155e-01
1.7000e+00	-7.0000e-01	5.0000e-02	1.31542873e+00
1.7000e+00	-6.0000e-01	5.0000e-02	6.01848346e-01
1.7000e+00	-5.0000e-01	5.0000e-02	-3.22480139e-01
1.7000e+00	-4.0000e-01	5.0000e-02	6.73758117e-01
1.7000e+00	-3.0000e-01	5.0000e-02	4.88959551e-01
1.7000e+00	-2.0000e-01	5.0000e-02	-9.22379257e-02
1.7000e+00	-1.0000e-01	5.0000e-02	-8.08273699e-01
1.7000e+00	-2.7756e-16	5.0000e-02	4.22773649e-01
1.7000e+00	1.0000e-01	5.0000e-02	9.35570232e-01
1.7000e+00	2.0000e-01	5.0000e-02	-7.18214339e-01
1.7000e+00	3.0000e-01	5.0000e-02	-7.95254564e-01
1.7000e+00	4.0000e-01	5.0000e-02	4.28212400e-01
1.7000e+00	5.0000e-01	5.0000e-02	-8.08422190e-01
1.7000e+00	6.0000e-01	5.0000e-02	-1.00768698e+00
1.7000e+00	7.0000e-01	5.0000e-02	-2.83181499e-01
1.7000e+00	8.0000e-01	5.0000e-02	5.26592484e-03
1.7000e+00	9.0000e-01	5.0000e-02	-2.71840842e-01
1.7000e+00	1.0000e+00	5.0000e-02	-1.02787932e+00
1.7000e+00	1.1000e+00	5.0000e-02	-5.45456912e-01
1.7000e+00	1.2000e+00	5.0000e-02	3.05032940e-01
1.7000e+00	1.3000e+00	5.0000e-02	4.94203104e-01
1.7000e+00	1.4000e+00	5.0000e-02	-6.72505230e-01
1.7000e+00	1.5000e+00	5.0000e-02	1.33218994e+00
1.7000e+00	1.6000e+00	5.0000e-02	3.58385973e-01
1.7000e+00	1.7000e+00	5.0000e-02	-2.74929209e-01
1.7000e+00	1.8000e+00	5.0000e-02	-3.72818297e-01
1.7000e+00	1.9000e+00	5.0000e-02	-2.98181454e-01
1.8000e+00	-2.0000e+00	5.0000e-02	1.18759066e+00
1.8000e+00	-1.9000e+00	5.0000e-02	-1.27946646e-01
1.8000e+00	-1.8000e+00	5.0000e-02	-1.26786659e+00
1.8000e+00	-1.7000e+00	5.0000e-02	1.53227867e+00
1.8000e+00	-1.6000e+00	5.0000e-02	-6.71368071e-02
1.8000e+00	-1.5000e+00	5.0000e-02	1.29408642e+00
1.8000e+00	-1.4000e+00	5.0000e-02	-3.39389061e-01
1.8000e+00	-1.3000e+00	5.0000e-02	6.97045031e-01
1.8000e+00	-1.2000e+00	5.0000e-02	8.86788228e-01
1.8000e+00	-1.1000e+00	5.0000e-02	-8.17225083e-01
1.8000e+00	-1.0000e+00	5.0000e-02	-1.13817610e+00
1.8000e+00	-9.0000e-01	5.0000e-02	-2.18811527e-01
1.8000e+00	-8.0000e-01	5.0000e-02	1.41530932e+00
1.8000e+00	-7.0000e-01	5.0000e-02	7.73748151e-01
1.8000e+00	-6.0000e-01	5.0000e-02	-4.75591879e-01
1.8000e+00	-5.0000e-01	5.0000e-02	2.51643609e-01
1.8000e+00	-4.0000e-01	5.0000e-02	4.73134404e-01
1.8000e+00	-3.0000e-01	5.0000e-02	5.86644167e-01
1.8000e+00	-2.0000e-01	5.0000e-02	-3.12123979e-01
1.8000e+00	-1.0000e-01	5.0000e-02	1.53985895e+00
1.8000e+00	-2.7756e-16	5.0000e-02	-1.06771131e+00
1.8000e+00	1.0000e-01	5.0000e-02	-9.08271448e-02
1.8000e+00	2.0000e-01	5.0000e-02	1.84612114e-01
1.8000e+00	3.0000e-01	5.0000e-02	-8.59941007e-02
1.8000e+00	4.0000e-01	5.0000e-02	-5.22853277e-01
1.8000e+00	5.0000e-01	5.0000e-02	4.31908730e-01
1.8000e+00	6.0000e-01	5.0000e-02	-9.39863571e-01
1.8000e+00	7.0000e-01	5.0000e-02	-1.83097235e+00
1.8000e+00	8.0000e-01	5.0000e-02	-4.02203187e-01
1.8000e+00	9.0000e-01	5.0000e-02	-8.17744448e-01
1.8000e+00	1.0000e+00	5.0000e-02	-7.83901882e-01
1.8000e+00	1.1000e+00	5.0000e-02	-2.96759491e-01
1.8000e+00	1.2000e+00	5.0000e-02	-6.03816148e-01
1.8000e+00	1.3000e+00	5.0000e-02	-3.28239976e-01
1.8000e+00	1.4000e+00	5.0000e-02	2.91644532e-01
1.8000e+00	1.5000e+00	5.0000e-02	1.73294873e-01
1.8000e+00	1.6000e+00	5.0000e-02	-4.36201617e-01
1.8000e+00	1.7000e+00	5.0000e-02	-3.13211050e-01
1.8000e+00	1.8000e+00	5.0000e-02	-3.63142326e-01
1.8000e+00	1.9000e+00	5.0000e-02	-1.13783771e-01
1.9000e+00	-2.0000e+00	5.0000e-02	1.35845445e-01
1.9000e+00	-1.9000e+00	5.0000e-02	2.02989988e-01
1.9000e+00	-1.8000e+00	5.0000e-02	-5.64436719e-01
1.9000e+00	-1.7000e+00	5.0000e-02	-6.31637395e-02
1.9000e+00	-1.6000e+00	5.0000e-02	8.61086103e-01
1.9000e+00	-1.5000e+00	5.0000e-02	8.57809874e-01
1.9000e+00	-1.4000e+00	5.0000e-02	-3.19091759e-01
1.9000e+00	-1.3000e+00	5.0000e-02	1.60139320e+00
1.9000e+00	-1.2000e+00	5.0000e-02	9.35122450e-01
1.9000e+00	-1.1000e+00	5.0000e-02	4.41891563e-01
1.9000e+00	-1.0000e+00	5.0000e-02	7.05588124e-01
1.9000e+00	-9.0000e-01	5.0000e-02	1.07482857e+00
1.9000e+00	-8.0000e-01	5.0000e-02	6.30105097e-01
1.9000e+00	-7.0000e-01	5.0000e-02	1.71606684e-01
1.9000e+00	-6.0000e-01	5.0000e-02	1.07313008e-01
1.9000e+00	-5.0000e-01	5.0000e-02	-8.61279228e-02
1.9000e+00	-4.0000e-01	5.0000e-02	-6.55361589e-01
1.9000e+00	-3.0000e-01	5.0000e-02	-1.92966602e-01
1.9000e+00	-2.0000e-01	5.0000e-02	3.17620304e-01
1.9000e+00	-1.0000e-01	5.0000e-02	-1.03492677e+00
1.9000e+00	-2.7756e-16	5.0000e-02	-1.96031878e-01
1.9000e+00	1.0000e-01	5.0000e-02	-5.52695159e-01
1.9000e+00	2.0000e-01	5.0000e-02	-1.39597310e+00
1.9000e+00	3.0000e-01	5.0000e-02	-9.36687380e-01
1.9000e+00	4.0000e-01	5.0000e-02	-6.80675519e-01
1.9000e+00	5.0000e-01	5.0000e-02	2.58837756e-01
1.9000e+00	6.0000e-01	5.0000e-02	-4.50190156e-01
1.9000e+00	7.0000e-01	5.0000e-02	-2.83669797e-01
1.9000e+00	8.0000e-01	5.0000e-02	-4.23499605e-01
1.9000e+00	9.0000e-01	5.0000e-02	-1.67538719e-01
1.9000e+00	1.0000e+00	5.0000e-02	-1.18755458e+00
1.9000e+00	1.1000e+00	5.0000e-02	-3.34967259e-01
1.9000e+00	1.2000e+00	5.0000e-02	-2.57412956e-01
1.9000e+00	1.3000e+00	5.0000e-02	-3.67753061e-01
1.9000e+00	1.4000e+00	5.0000e-02	-4.50290236e-01
1.9000e+00	1.5000e+00	5.0000e-02	3.55995249e-01
1.9000e+00	1.6000e+00	5.0000e-02	-6.89583134e-01
1.9000e+00	1.7000e+00	5.0000e-02	-4.51780377e-01
1.9000e+00	1.8000e+00	5.0000e-02	-4.16121145e-02
1.9000e+00	1.9000e+00	5.0000e-02	-8.35629286e-02
